20 10.2563849586929940 0.0000000000000000e+00 1.0000000000000001e-05
20 10.5131748988021183 0.0000000000000000e+00 0.0000000000000000e+00
20 10.2431427130124533 0.0000000000000000e+00 1.0000000000000001e-05
20 10.2432587615419610 0.0000000000000000e+00 1.0000000000000001e-05
20 10.6087079318326030 0.0000000000000000e+00 0.0000000000000000e+00
20 10.4874572594304745 0.0000000000000000e+00 0.0000000000000000e+00
20 10.4588345777778056 0.0000000000000000e+00 0.0000000000000000e+00
20 10.2358354704772587 0.0000000000000000e+00 0.0000000000000000e+00
20 10.6003439551250818 0.0000000000000000e+00 0.0000000000000000e+00
20 10.3624889216717655 0.0000000000000000e+00 0.0000000000000000e+00
20 10.1587073464467181 1.0000000000000001e-05 1.0000000000000001e-05
20 10.5505058925720032 0.0000000000000000e+00 0.0000000000000000e+00
20 10.4556209125190982 0.0000000000000000e+00 0.0000000000000000e+00
20 10.4254565421925758 0.0000000000000000e+00 0.0000000000000000e+00
20 10.6388272076961723 0.0000000000000000e+00 0.0000000000000000e+00
20 10.4315958812016909 0.0000000000000000e+00 0.0000000000000000e+00
20 9.9620723781287932 8.0000000000000007e-05 2.0000000000000002e-05
20 10.3838862081500931 0.0000000000000000e+00 0.0000000000000000e+00
20 11.1101650933134160 0.0000000000000000e+00 0.0000000000000000e+00
20 10.1330467315134083 3.0000000000000001e-05 1.0000000000000001e-05
20 10.4548635460810075 0.0000000000000000e+00 0.0000000000000000e+00
20 10.3104618590529604 0.0000000000000000e+00 1.0000000000000001e-05
20 10.3925195560541326 0.0000000000000000e+00 0.0000000000000000e+00
20 10.5474649445479081 0.0000000000000000e+00 0.0000000000000000e+00
20 10.4998741455034708 0.0000000000000000e+00 0.0000000000000000e+00
20 10.7657824899993368 0.0000000000000000e+00 0.0000000000000000e+00
20 10.3137306036078762 0.0000000000000000e+00 1.0000000000000001e-05
20 10.0670321582278284 4.0000000000000003e-05 1.0000000000000001e-05
20 10.6200621099707035 0.0000000000000000e+00 0.0000000000000000e+00
20 10.4699007027847184 0.0000000000000000e+00 0.0000000000000000e+00
20 10.4613174400122357 0.0000000000000000e+00 0.0000000000000000e+00
20 10.3635710522818449 0.0000000000000000e+00 0.0000000000000000e+00
20 10.9717575335488249 0.0000000000000000e+00 0.0000000000000000e+00
20 10.6677744644863814 0.0000000000000000e+00 0.0000000000000000e+00
20 10.4085835737617352 0.0000000000000000e+00 0.0000000000000000e+00
20 10.0107088350554161 6.0000000000000002e-05 2.0000000000000002e-05
20 10.3020756229713832 0.0000000000000000e+00 0.0000000000000000e+00
20 10.3250968861639763 0.0000000000000000e+00 0.0000000000000000e+00
20 10.0647812697920500 4.0000000000000003e-05 1.0000000000000001e-05
20 10.5500256226024476 0.0000000000000000e+00 0.0000000000000000e+00
50 10.2346647141851097 0.0000000000000000e+00 1.0000000000000001e-05
50 10.4313300838339345 0.0000000000000000e+00 0.0000000000000000e+00
50 10.3276057049947241 0.0000000000000000e+00 0.0000000000000000e+00
50 10.2983410798769039 0.0000000000000000e+00 0.0000000000000000e+00
50 10.4854324687037366 0.0000000000000000e+00 0.0000000000000000e+00
50 10.2992935991811212 0.0000000000000000e+00 1.0000000000000001e-05
50 10.0535480297823128 5.0000000000000002e-05 4.0000000000000003e-05
50 10.3428689941995575 0.0000000000000000e+00 1.0000000000000001e-05
50 10.2655049998787558 0.0000000000000000e+00 1.0000000000000001e-05
50 10.4289438455661507 0.0000000000000000e+00 0.0000000000000000e+00
50 10.2147077979739151 0.0000000000000000e+00 1.0000000000000001e-05
50 10.1591415604123281 1.0000000000000001e-05 2.0000000000000002e-05
50 10.1586044016282422 1.0000000000000001e-05 2.0000000000000002e-05
50 10.2719709252318232 0.0000000000000000e+00 1.0000000000000001e-05
50 10.1483268562598070 1.0000000000000001e-05 2.0000000000000002e-05
50 10.3253263539022804 0.0000000000000000e+00 1.0000000000000001e-05
50 10.2395188289000405 0.0000000000000000e+00 1.0000000000000001e-05
50 10.1211473829110137 2.0000000000000002e-05 2.0000000000000002e-05
50 10.2188505841724435 0.0000000000000000e+00 0.0000000000000000e+00
50 10.3067685675552667 0.0000000000000000e+00 1.0000000000000001e-05
50 10.1074906404377654 3.0000000000000001e-05 2.0000000000000002e-05
50 10.1744324863741138 1.0000000000000001e-05 1.0000000000000001e-05
50 10.3672907298428285 0.0000000000000000e+00 0.0000000000000000e+00
50 10.0127115836542249 6.0000000000000002e-05 1.0000000000000001e-05
50 10.1903601885676487 0.0000000000000000e+00 1.0000000000000001e-05
50 10.2576633015204521 0.0000000000000000e+00 1.0000000000000001e-05
50 10.1072282997322986 3.0000000000000001e-05 2.0000000000000002e-05
50 10.4722148115486551 0.0000000000000000e+00 0.0000000000000000e+00
50 10.4877601227853710 0.0000000000000000e+00 0.0000000000000000e+00
50 10.2163578558620305 0.0000000000000000e+00 1.0000000000000001e-05
50 10.1393051444775910 2.0000000000000002e-05 2.0000000000000002e-05
50 10.5144146167606571 0.0000000000000000e+00 0.0000000000000000e+00
50 10.0842194279957802 4.0000000000000003e-05 1.0000000000000001e-05
50 10.3270223042936760 0.0000000000000000e+00 0.0000000000000000e+00
50 10.0628606178889370 4.0000000000000003e-05 1.0000000000000001e-05
50 10.3504945395060499 0.0000000000000000e+00 0.0000000000000000e+00
50 10.0546746821295070 5.0000000000000002e-05 1.0000000000000001e-05
50 10.2215136537160021 0.0000000000000000e+00 1.0000000000000001e-05
50 10.1435472962832982 3.0000000000000001e-05 1.0000000000000001e-05
50 10.1947690942881000 0.0000000000000000e+00 1.0000000000000001e-05
100 10.2134586419222142 0.0000000000000000e+00 1.0000000000000001e-05
100 10.2136274258607891 0.0000000000000000e+00 1.0000000000000001e-05
100 10.2427260891601328 0.0000000000000000e+00 0.0000000000000000e+00
100 10.3534098395212180 0.0000000000000000e+00 0.0000000000000000e+00
100 10.2194596209387303 0.0000000000000000e+00 0.0000000000000000e+00
100 10.0721250810513610 4.0000000000000003e-05 1.0000000000000001e-05
100 10.2664335036389609 0.0000000000000000e+00 0.0000000000000000e+00
100 10.1769855068597845 1.0000000000000001e-05 1.0000000000000001e-05
100 9.9694232098433986 8.0000000000000007e-05 2.0000000000000002e-05
100 10.1374706945900552 2.0000000000000002e-05 1.0000000000000001e-05
100 10.0986655695149885 3.0000000000000001e-05 1.0000000000000001e-05
100 10.1785570946063579 1.0000000000000001e-05 1.0000000000000001e-05
100 10.1186123097448668 2.0000000000000002e-05 2.0000000000000002e-05
100 10.3087169859745256 0.0000000000000000e+00 1.0000000000000001e-05
100 10.1081191106774160 3.0000000000000001e-05 2.0000000000000002e-05
100 10.2722721624056099 0.0000000000000000e+00 1.0000000000000001e-05
100 10.2213887035469462 0.0000000000000000e+00 1.0000000000000001e-05
100 10.1861112995736569 0.0000000000000000e+00 1.0000000000000001e-05
100 10.0694104149904593 4.0000000000000003e-05 1.0000000000000001e-05
100 10.1390165773488086 3.0000000000000001e-05 1.0000000000000001e-05
100 10.1497497983093723 2.0000000000000002e-05 1.0000000000000001e-05
100 10.1501363328970289 2.0000000000000002e-05 1.0000000000000001e-05
100 10.1709116962671526 1.0000000000000001e-05 1.0000000000000001e-05
100 10.0635060761433976 4.0000000000000003e-05 1.0000000000000001e-05
100 10.1881840469046185 0.0000000000000000e+00 1.0000000000000001e-05
100 10.1738026209169288 1.0000000000000001e-05 1.0000000000000001e-05
100 10.0933151620786248 3.0000000000000001e-05 1.0000000000000001e-05
100 10.1363282037283877 2.0000000000000002e-05 1.0000000000000001e-05
100 10.3039859622432584 0.0000000000000000e+00 0.0000000000000000e+00
100 10.2043541965863351 0.0000000000000000e+00 1.0000000000000001e-05
100 10.2072777093459308 0.0000000000000000e+00 1.0000000000000001e-05
100 10.2214201160610596 0.0000000000000000e+00 1.0000000000000001e-05
100 10.0475398664098403 5.0000000000000002e-05 4.0000000000000003e-05
100 10.0103762432542442 6.0000000000000002e-05 2.0000000000000002e-05
100 10.2472506871091991 0.0000000000000000e+00 1.0000000000000001e-05
100 10.1482077570745233 1.0000000000000001e-05 2.0000000000000002e-05
100 10.1293785959057168 2.0000000000000002e-05 2.0000000000000002e-05
100 10.0768934275990212 4.0000000000000003e-05 2.0000000000000002e-05
100 10.2061830326972114 0.0000000000000000e+00 1.0000000000000001e-05
100 10.3159315207673874 0.0000000000000000e+00 1.0000000000000001e-05
200 10.1466410305745747 1.0000000000000001e-05 2.0000000000000002e-05
200 10.1527430423392868 1.0000000000000001e-05 2.0000000000000002e-05
200 10.0595923934969402 4.0000000000000003e-05 1.0000000000000001e-05
200 10.0798595654867125 4.0000000000000003e-05 1.0000000000000001e-05
200 10.2116404570249806 0.0000000000000000e+00 1.0000000000000001e-05
200 10.1465519497171215 3.0000000000000001e-05 1.0000000000000001e-05
200 10.1426742158866485 3.0000000000000001e-05 1.0000000000000001e-05
200 10.1373976794703022 3.0000000000000001e-05 1.0000000000000001e-05
200 10.1125451359596692 3.0000000000000001e-05 1.0000000000000001e-05
200 10.0819141436929236 4.0000000000000003e-05 1.0000000000000001e-05
200 10.1398792137312910 3.0000000000000001e-05 1.0000000000000001e-05
200 10.0482520001094127 5.0000000000000002e-05 1.0000000000000001e-05
200 10.0773408628157295 4.0000000000000003e-05 1.0000000000000001e-05
200 10.0755154040391091 4.0000000000000003e-05 1.0000000000000001e-05
200 10.1201391018027440 3.0000000000000001e-05 1.0000000000000001e-05
200 10.1581687035661812 1.0000000000000001e-05 1.0000000000000001e-05
200 10.0631387257612541 4.0000000000000003e-05 1.0000000000000001e-05
200 10.1293584455820991 3.0000000000000001e-05 1.0000000000000001e-05
200 10.1187323955098858 3.0000000000000001e-05 1.0000000000000001e-05
200 10.2052378865723945 0.0000000000000000e+00 1.0000000000000001e-05
200 10.1868328198989104 0.0000000000000000e+00 1.0000000000000001e-05
200 10.1161784548356390 3.0000000000000001e-05 1.0000000000000001e-05
200 10.1586438269707919 1.0000000000000001e-05 1.0000000000000001e-05
200 10.0871464444848673 4.0000000000000003e-05 1.0000000000000001e-05
200 10.0076003136709417 6.0000000000000002e-05 1.0000000000000001e-05
200 10.0311953270750003 5.0000000000000002e-05 1.0000000000000001e-05
200 10.0403914477467175 5.0000000000000002e-05 1.0000000000000001e-05
200 10.1593918753487031 1.0000000000000001e-05 1.0000000000000001e-05
200 10.1096169059926524 3.0000000000000001e-05 1.0000000000000001e-05
200 10.0329761441890533 5.0000000000000002e-05 1.0000000000000001e-05
200 10.0914643238679567 3.0000000000000001e-05 1.0000000000000001e-05
200 10.2677797921474578 0.0000000000000000e+00 1.0000000000000001e-05
200 10.0627577401008228 4.0000000000000003e-05 4.0000000000000003e-05
200 10.1217510632696186 2.0000000000000002e-05 2.0000000000000002e-05
200 10.1419495931942301 2.0000000000000002e-05 2.0000000000000002e-05
200 10.0284773986405042 5.0000000000000002e-05 4.0000000000000003e-05
200 10.0803994752530439 4.0000000000000003e-05 3.0000000000000001e-05
200 10.1205360653942851 2.0000000000000002e-05 2.0000000000000002e-05
200 10.1276721526625355 2.0000000000000002e-05 2.0000000000000002e-05
200 10.1033010428955432 3.0000000000000001e-05 2.0000000000000002e-05
500 10.1050393646013017 3.0000000000000001e-05 2.0000000000000002e-05
500 10.0882130498790978 4.0000000000000003e-05 3.0000000000000001e-05
500 10.0873056518551891 4.0000000000000003e-05 3.0000000000000001e-05
500 10.0491979018497144 5.0000000000000002e-05 4.0000000000000003e-05
500 10.0768556596189693 4.0000000000000003e-05 3.0000000000000001e-05
500 10.1094437056849866 2.0000000000000002e-05 2.0000000000000002e-05
500 10.0284099515772844 5.0000000000000002e-05 4.0000000000000003e-05
500 10.1185914822515883 2.0000000000000002e-05 2.0000000000000002e-05
500 9.9795537574868440 8.0000000000000007e-05 5.0000000000000002e-05
500 10.0279772697373559 5.0000000000000002e-05 4.0000000000000003e-05
500 10.0424163352204836 5.0000000000000002e-05 4.0000000000000003e-05
500 10.0546548703661855 5.0000000000000002e-05 4.0000000000000003e-05
500 10.1364511398263755 2.0000000000000002e-05 2.0000000000000002e-05
500 10.0859780515965767 4.0000000000000003e-05 1.0000000000000001e-05
500 10.0596677547593973 4.0000000000000003e-05 3.0000000000000001e-05
500 10.0693276400329026 4.0000000000000003e-05 2.0000000000000002e-05
500 10.0406924010203991 5.0000000000000002e-05 2.0000000000000002e-05
500 10.0690354861895202 4.0000000000000003e-05 1.0000000000000001e-05
500 10.0475511109217059 5.0000000000000002e-05 3.0000000000000001e-05
500 10.1036144291824375 3.0000000000000001e-05 2.0000000000000002e-05
500 10.0560422686917015 5.0000000000000002e-05 1.0000000000000001e-05
500 10.0416053233984019 5.0000000000000002e-05 1.0000000000000001e-05
500 10.0491120053105281 5.0000000000000002e-05 1.0000000000000001e-05
500 10.0937815961133968 3.0000000000000001e-05 1.0000000000000001e-05
500 9.9974243255357180 6.9999999999999994e-05 6.0000000000000002e-05
500 10.0869703033341960 4.0000000000000003e-05 3.0000000000000001e-05
500 10.0176781499484626 6.0000000000000002e-05 5.0000000000000002e-05
500 10.0872687987595349 4.0000000000000003e-05 3.0000000000000001e-05
500 10.0356046515547650 5.0000000000000002e-05 4.0000000000000003e-05
500 10.0433540863804218 5.0000000000000002e-05 4.0000000000000003e-05
500 10.0247111804508879 5.0000000000000002e-05 5.0000000000000002e-05
500 10.0423740891475592 5.0000000000000002e-05 4.0000000000000003e-05
500 10.0418423769951826 5.0000000000000002e-05 4.0000000000000003e-05
500 10.0577420105991404 4.0000000000000003e-05 4.0000000000000003e-05
500 10.0843754710581237 4.0000000000000003e-05 3.0000000000000001e-05
500 10.0192985787896838 5.0000000000000002e-05 5.0000000000000002e-05
500 10.0895471197167108 4.0000000000000003e-05 3.0000000000000001e-05
500 10.0586480003743066 4.0000000000000003e-05 4.0000000000000003e-05
500 10.0272996653972708 5.0000000000000002e-05 4.0000000000000003e-05
500 10.0669711481921933 4.0000000000000003e-05 3.0000000000000001e-05
1000 10.0560034242849543 5.0000000000000002e-05 4.0000000000000003e-05
1000 10.0533666000112447 5.0000000000000002e-05 4.0000000000000003e-05
1000 10.0366179074266988 5.0000000000000002e-05 4.0000000000000003e-05
1000 10.0759253885651816 4.0000000000000003e-05 3.0000000000000001e-05
1000 10.0475963289816512 5.0000000000000002e-05 4.0000000000000003e-05
1000 10.0424907374395769 5.0000000000000002e-05 4.0000000000000003e-05
1000 10.0561326115499607 5.0000000000000002e-05 4.0000000000000003e-05
1000 10.0484560119933413 5.0000000000000002e-05 4.0000000000000003e-05
1000 10.0576709460699085 4.0000000000000003e-05 4.0000000000000003e-05
1000 10.0562796561166987 5.0000000000000002e-05 4.0000000000000003e-05
1000 10.0393563772684420 5.0000000000000002e-05 4.0000000000000003e-05
1000 10.0572675919584356 4.0000000000000003e-05 4.0000000000000003e-05
1000 10.0785175014364263 4.0000000000000003e-05 3.0000000000000001e-05
1000 10.0498160619555001 5.0000000000000002e-05 4.0000000000000003e-05
1000 10.0035415066973847 6.0000000000000002e-05 6.0000000000000002e-05
1000 10.0217075839362781 5.0000000000000002e-05 5.0000000000000002e-05
1000 10.0424208726610775 5.0000000000000002e-05 4.0000000000000003e-05
1000 10.0060123413346780 6.0000000000000002e-05 5.0000000000000002e-05
1000 10.0442930919448727 5.0000000000000002e-05 4.0000000000000003e-05
1000 10.0461298365612599 5.0000000000000002e-05 4.0000000000000003e-05
1000 10.0537266647375958 5.0000000000000002e-05 4.0000000000000003e-05
1000 10.0545891913336867 5.0000000000000002e-05 4.0000000000000003e-05
1000 10.0148875395282460 6.0000000000000002e-05 5.0000000000000002e-05
1000 10.0385263928008008 5.0000000000000002e-05 4.0000000000000003e-05
1000 10.0520628680881430 5.0000000000000002e-05 4.0000000000000003e-05
1000 10.0414359051055389 5.0000000000000002e-05 4.0000000000000003e-05
1000 10.0249916214466612 5.0000000000000002e-05 4.0000000000000003e-05
1000 10.0875670230461179 4.0000000000000003e-05 3.0000000000000001e-05
1000 10.0259428208411769 5.0000000000000002e-05 4.0000000000000003e-05
1000 10.0504371329456852 5.0000000000000002e-05 4.0000000000000003e-05
1000 10.0802755537343405 4.0000000000000003e-05 3.0000000000000001e-05
1000 10.0856130416173784 4.0000000000000003e-05 3.0000000000000001e-05
1000 10.0750434723923838 4.0000000000000003e-05 3.0000000000000001e-05
1000 10.0308967242109954 5.0000000000000002e-05 4.0000000000000003e-05
1000 10.0655397996451459 4.0000000000000003e-05 3.0000000000000001e-05
1000 10.0472380581290519 5.0000000000000002e-05 4.0000000000000003e-05
1000 10.0869561074816474 4.0000000000000003e-05 3.0000000000000001e-05
1000 10.0349989136506696 5.0000000000000002e-05 4.0000000000000003e-05
1000 10.0794283950124086 4.0000000000000003e-05 3.0000000000000001e-05
1000 10.0653336958123845 4.0000000000000003e-05 3.0000000000000001e-05
2000 10.0398463240504228 5.0000000000000002e-05 4.0000000000000003e-05
2000 10.0470824344681269 5.0000000000000002e-05 4.0000000000000003e-05
2000 10.0165907757870531 6.0000000000000002e-05 5.0000000000000002e-05
2000 10.0326264862660288 5.0000000000000002e-05 4.0000000000000003e-05
2000 10.0409228421094845 5.0000000000000002e-05 4.0000000000000003e-05
2000 10.0330895380772613 5.0000000000000002e-05 4.0000000000000003e-05
2000 10.0180468136032559 5.0000000000000002e-05 5.0000000000000002e-05
2000 10.0267786304477386 5.0000000000000002e-05 4.0000000000000003e-05
2000 10.0081932980859101 6.0000000000000002e-05 5.0000000000000002e-05
2000 10.0290881872166455 5.0000000000000002e-05 4.0000000000000003e-05
2000 10.0402009332972497 5.0000000000000002e-05 4.0000000000000003e-05
2000 10.0349441861014785 5.0000000000000002e-05 4.0000000000000003e-05
2000 10.0404350456283424 5.0000000000000002e-05 4.0000000000000003e-05
2000 10.0628563794996424 4.0000000000000003e-05 4.0000000000000003e-05
2000 10.0314841726266479 5.0000000000000002e-05 4.0000000000000003e-05
2000 10.0353527346339533 5.0000000000000002e-05 4.0000000000000003e-05
2000 10.0261616153520094 5.0000000000000002e-05 4.0000000000000003e-05
2000 10.0254726034003259 5.0000000000000002e-05 4.0000000000000003e-05
2000 10.0289170887113457 5.0000000000000002e-05 4.0000000000000003e-05
2000 10.0381032011293509 5.0000000000000002e-05 4.0000000000000003e-05
2000 10.0236711982982545 5.0000000000000002e-05 5.0000000000000002e-05
2000 10.0293090641484266 5.0000000000000002e-05 4.0000000000000003e-05
2000 10.0385734029075859 5.0000000000000002e-05 4.0000000000000003e-05
2000 10.0407418138348952 5.0000000000000002e-05 4.0000000000000003e-05
2000 10.0304025056764754 5.0000000000000002e-05 4.0000000000000003e-05
2000 10.0757892767664501 4.0000000000000003e-05 3.0000000000000001e-05
2000 10.0237708126322094 5.0000000000000002e-05 5.0000000000000002e-05
2000 10.0410134272894229 5.0000000000000002e-05 4.0000000000000003e-05
2000 10.0525571267675531 5.0000000000000002e-05 4.0000000000000003e-05
2000 10.0537207078963018 5.0000000000000002e-05 4.0000000000000003e-05
2000 10.0366022092639504 5.0000000000000002e-05 4.0000000000000003e-05
2000 10.0561346911518967 5.0000000000000002e-05 4.0000000000000003e-05
2000 10.0205241689838331 5.0000000000000002e-05 5.0000000000000002e-05
2000 10.0687542117872706 4.0000000000000003e-05 3.0000000000000001e-05
2000 10.0223589278350893 5.0000000000000002e-05 5.0000000000000002e-05
2000 10.0189210701327625 5.0000000000000002e-05 5.0000000000000002e-05
2000 10.0120834574442252 6.0000000000000002e-05 5.0000000000000002e-05
2000 10.0320265447978443 5.0000000000000002e-05 4.0000000000000003e-05
2000 10.0162654424147082 6.0000000000000002e-05 5.0000000000000002e-05
2000 10.0442758326827875 5.0000000000000002e-05 4.0000000000000003e-05
