1000 9.5243625506629339 1.2800000000000001e-03 7.2000000000000005e-04
1000 9.5282563620875340 1.2400000000000000e-03 7.3999999999999999e-04
1000 9.5155096968592616 1.3300000000000000e-03 6.4000000000000005e-04
1000 9.5411599969956953 1.1900000000000001e-03 5.5999999999999995e-04
1000 9.5241956002436563 1.2800000000000001e-03 6.4000000000000005e-04
1000 9.5179391027239841 1.3200000000000000e-03 7.9000000000000001e-04
1000 9.5300670774001279 1.2300000000000000e-03 6.6000000000000000e-04
1000 9.5261155528686157 1.2600000000000001e-03 5.9000000000000003e-04
1000 9.5356459925113679 1.2199999999999999e-03 5.5999999999999995e-04
1000 9.5324917823626905 1.2300000000000000e-03 7.5000000000000002e-04
1000 9.5246186609499102 1.2800000000000001e-03 5.5999999999999995e-04
1000 9.5363922776701617 1.2300000000000000e-03 5.4000000000000001e-04
1000 9.5439907767817083 1.1400000000000000e-03 1.1999999999999999e-03
1000 9.5237157572729121 1.2800000000000001e-03 1.4499999999999999e-03
1000 9.4951950222766666 1.4700000000000000e-03 1.1999999999999999e-03
1000 9.5069829789552021 1.4000000000000000e-03 1.1299999999999999e-03
1000 9.5229834829451576 1.2899999999999999e-03 6.0999999999999997e-04
1000 9.4980346949132493 1.4599999999999999e-03 6.6000000000000000e-04
1000 9.5233925337380736 1.2700000000000001e-03 1.1999999999999999e-03
1000 9.5258974585764040 1.2600000000000001e-03 1.1999999999999999e-03
1000 9.5320635891232097 1.2400000000000000e-03 1.1600000000000000e-03
1000 9.5308577654795581 1.2400000000000000e-03 1.2899999999999999e-03
1000 9.5027188142143650 1.4100000000000000e-03 1.1600000000000000e-03
1000 9.5137879443361744 1.3500000000000001e-03 8.3000000000000001e-04
1000 9.5267860041895531 1.2500000000000000e-03 7.3999999999999999e-04
1000 9.5188202665255712 1.3200000000000000e-03 8.4000000000000003e-04
1000 9.5097993333880861 1.3799999999999999e-03 5.9999999999999995e-04
1000 9.5521343718802409 1.1100000000000001e-03 5.9000000000000003e-04
1000 9.5174001871191773 1.3200000000000000e-03 6.2000000000000000e-04
1000 9.5286036027673973 1.2500000000000000e-03 5.9000000000000003e-04
1000 9.5497966450142933 1.1400000000000000e-03 5.8000000000000000e-04
1000 9.5521374408138442 1.0900000000000000e-03 6.4999999999999997e-04
1000 9.5427123210976053 1.1800000000000001e-03 5.5999999999999995e-04
1000 9.5181044546910982 1.3200000000000000e-03 5.5999999999999995e-04
1000 9.5331264280212693 1.2300000000000000e-03 7.5000000000000002e-04
1000 9.5239369651255981 1.2700000000000001e-03 1.3400000000000000e-03
1000 9.5549599134566883 1.0800000000000000e-03 5.9000000000000003e-04
1000 9.5137982414961009 1.3500000000000001e-03 6.8999999999999997e-04
1000 9.5467925328411010 1.1500000000000000e-03 5.5999999999999995e-04
1000 9.5381842226918856 1.2099999999999999e-03 1.1000000000000001e-03
