1000 9.5878029987111759 9.3999999999999997e-04 1.3999999999999999e-04
1000 9.5912901408843307 9.2000000000000003e-04 1.2000000000000000e-04
1000 9.5765668557955284 1.0000000000000000e-03 1.9000000000000001e-04
1000 9.5958123428758970 8.1999999999999998e-04 4.8000000000000001e-04
1000 9.5709504448932332 9.3999999999999997e-04 1.0399999999999999e-03
1000 9.5649323888218749 9.8999999999999999e-04 1.1100000000000001e-03
1000 9.5792550927439652 8.9999999999999998e-04 8.0999999999999996e-04
1000 9.5730297084651230 9.3000000000000005e-04 9.7999999999999997e-04
1000 9.5814356255171340 8.9999999999999998e-04 9.3000000000000005e-04
1000 9.5802826593518731 8.9999999999999998e-04 9.2000000000000003e-04
1000 9.5692238564136787 9.5000000000000000e-04 9.7999999999999997e-04
1000 9.5819744477282125 8.9999999999999998e-04 9.2000000000000003e-04
1000 9.5926544458655574 8.4999999999999995e-04 9.1000000000000000e-04
1000 9.5696673194409225 9.3999999999999997e-04 1.1100000000000001e-03
1000 9.5399533914854242 1.1999999999999999e-03 9.3000000000000005e-04
1000 9.5532430482135400 1.0900000000000000e-03 6.8000000000000005e-04
1000 9.5715633847706343 9.6000000000000002e-04 5.5000000000000003e-04
1000 9.5383546575253177 1.2099999999999999e-03 1.0600000000000000e-03
1000 9.5707348707202371 9.3999999999999997e-04 9.2000000000000003e-04
1000 9.5746011358680754 9.3000000000000005e-04 8.1999999999999998e-04
1000 9.5789670628390464 9.1000000000000000e-04 5.5999999999999995e-04
1000 9.5783809275149316 9.1000000000000000e-04 5.8000000000000000e-04
1000 9.5470023731885920 1.1000000000000001e-03 1.0399999999999999e-03
1000 9.5624342283624948 1.0100000000000000e-03 9.2000000000000003e-04
1000 9.5726001955106135 9.2000000000000003e-04 1.1100000000000001e-03
1000 9.5676414870229110 9.7999999999999997e-04 8.4999999999999995e-04
1000 9.5559917057821675 1.0600000000000000e-03 1.0900000000000000e-03
1000 9.6009934685482285 8.0999999999999996e-04 9.1000000000000000e-04
1000 9.5559182458064562 1.0600000000000000e-03 9.7999999999999997e-04
1000 9.5737776027358006 9.2000000000000003e-04 1.0600000000000000e-03
1000 9.5977052412784456 8.3000000000000001e-04 9.1000000000000000e-04
1000 9.6012497271829620 8.1999999999999998e-04 1.1400000000000000e-03
1000 9.5923533956553442 8.4999999999999995e-04 1.0000000000000000e-03
1000 9.5627670866422285 1.0100000000000000e-03 9.7999999999999997e-04
1000 9.5829682525979365 8.9999999999999998e-04 9.3000000000000005e-04
1000 9.5712639609428916 9.3000000000000005e-04 1.0499999999999999e-03
1000 9.6025289979605812 8.0000000000000004e-04 1.1100000000000001e-03
1000 9.5624904340369152 1.0100000000000000e-03 1.0100000000000000e-03
1000 9.5962861569933970 8.4000000000000003e-04 1.0100000000000000e-03
1000 9.5842431371267551 8.8999999999999995e-04 1.0000000000000000e-03
