1000 10.0533223550565580 5.0000000000000002e-05 3.0000000000000001e-05
1000 10.0507029970912818 5.0000000000000002e-05 3.0000000000000001e-05
1000 10.0366179075919604 5.0000000000000002e-05 4.0000000000000003e-05
1000 10.0759253885651834 4.0000000000000003e-05 3.0000000000000001e-05
1000 10.0475963289856249 5.0000000000000002e-05 4.0000000000000003e-05
1000 10.0424907374394525 5.0000000000000002e-05 4.0000000000000003e-05
1000 10.0561326115499607 5.0000000000000002e-05 4.0000000000000003e-05
1000 10.0484560119933413 5.0000000000000002e-05 4.0000000000000003e-05
1000 10.0576709460699085 4.0000000000000003e-05 4.0000000000000003e-05
1000 10.0562796561166987 5.0000000000000002e-05 4.0000000000000003e-05
1000 10.0393563772684420 5.0000000000000002e-05 4.0000000000000003e-05
1000 10.0572675919584356 4.0000000000000003e-05 4.0000000000000003e-05
1000 10.0785175014364263 4.0000000000000003e-05 3.0000000000000001e-05
1000 10.0498160619555001 5.0000000000000002e-05 4.0000000000000003e-05
1000 10.0035415066973847 6.0000000000000002e-05 6.0000000000000002e-05
1000 10.0217075839362781 5.0000000000000002e-05 5.0000000000000002e-05
1000 10.0424208726610775 5.0000000000000002e-05 4.0000000000000003e-05
1000 10.0060123413346780 6.0000000000000002e-05 5.0000000000000002e-05
1000 10.0442930919448727 5.0000000000000002e-05 4.0000000000000003e-05
1000 10.0461298365612599 5.0000000000000002e-05 4.0000000000000003e-05
1000 10.0537266647375958 5.0000000000000002e-05 4.0000000000000003e-05
1000 10.0545891913336867 5.0000000000000002e-05 4.0000000000000003e-05
1000 10.0148875395282460 6.0000000000000002e-05 5.0000000000000002e-05
1000 10.0385263928008008 5.0000000000000002e-05 4.0000000000000003e-05
1000 10.0520628680881430 5.0000000000000002e-05 4.0000000000000003e-05
1000 10.0414359051055389 5.0000000000000002e-05 4.0000000000000003e-05
1000 10.0249916214466612 5.0000000000000002e-05 4.0000000000000003e-05
1000 10.0875670230461179 4.0000000000000003e-05 3.0000000000000001e-05
1000 10.0259428208411769 5.0000000000000002e-05 4.0000000000000003e-05
1000 10.0504371329456852 5.0000000000000002e-05 4.0000000000000003e-05
1000 10.0802755537343405 4.0000000000000003e-05 3.0000000000000001e-05
1000 10.0856130416173784 4.0000000000000003e-05 3.0000000000000001e-05
1000 10.0750434723923838 4.0000000000000003e-05 3.0000000000000001e-05
1000 10.0308967242109954 5.0000000000000002e-05 4.0000000000000003e-05
1000 10.0655397996451459 4.0000000000000003e-05 3.0000000000000001e-05
1000 10.0472380581290519 5.0000000000000002e-05 4.0000000000000003e-05
1000 10.0869561074816474 4.0000000000000003e-05 3.0000000000000001e-05
1000 10.0349989136506696 5.0000000000000002e-05 4.0000000000000003e-05
1000 10.0794283950124086 4.0000000000000003e-05 3.0000000000000001e-05
1000 10.0653336958123845 4.0000000000000003e-05 3.0000000000000001e-05
