100 9.6007747130978149 8.0000000000000004e-04 4.8999999999999998e-04
100 9.5901780654163140 8.4999999999999995e-04 7.6000000000000004e-04
100 9.6087910983567095 7.6000000000000004e-04 5.6999999999999998e-04
100 9.7095710686305861 5.1000000000000004e-04 3.1000000000000000e-04
100 9.5876938145520807 8.8000000000000003e-04 1.3300000000000000e-03
100 9.4983938817089744 1.4599999999999999e-03 1.1299999999999999e-03
100 9.6308194646612524 6.7000000000000002e-04 1.3200000000000000e-03
100 9.5687378439187292 9.7000000000000005e-04 5.1999999999999995e-04
100 9.4267190868209152 2.1600000000000000e-03 1.1500000000000000e-03
100 9.5348679290047684 1.2300000000000000e-03 5.5999999999999995e-04
100 9.5302254911465845 1.2500000000000000e-03 5.6999999999999998e-04
100 9.5679862680953534 9.7999999999999997e-04 8.7000000000000001e-04
100 9.5308436393016951 1.2500000000000000e-03 1.4300000000000001e-03
100 9.6655419213296270 5.9999999999999995e-04 1.1900000000000001e-03
100 9.5321168570638282 1.2300000000000000e-03 8.5999999999999998e-04
100 9.6515487447849662 6.4000000000000005e-04 4.8999999999999998e-04
100 9.5925159731329384 8.4999999999999995e-04 6.9999999999999999e-04
100 9.5771908564791968 9.1000000000000000e-04 1.3300000000000000e-03
100 9.5012326829392606 1.4400000000000001e-03 1.0100000000000000e-03
100 9.5569100310165904 1.0700000000000000e-03 8.0000000000000004e-04
100 9.5326152606122943 1.2400000000000000e-03 5.9000000000000003e-04
100 9.5566191263236675 1.1000000000000001e-03 5.5000000000000003e-04
100 9.5758357372856988 9.3000000000000005e-04 5.5000000000000003e-04
100 9.4965983388420039 1.4800000000000000e-03 1.0300000000000001e-03
100 9.5720254425753275 9.3999999999999997e-04 7.6000000000000004e-04
100 9.5698439555160242 9.7999999999999997e-04 5.5000000000000003e-04
100 9.5279076504160258 1.2500000000000000e-03 5.6999999999999998e-04
100 9.5587174124629062 1.0900000000000000e-03 3.8000000000000002e-04
100 9.6642457703078790 6.3000000000000003e-04 1.6000000000000001e-04
100 9.5940057039581053 8.4000000000000003e-04 1.2099999999999999e-03
100 9.6065596549709955 7.6999999999999996e-04 4.4999999999999999e-04
100 9.6038390374395206 8.0999999999999996e-04 5.5999999999999995e-04
100 9.5024833479258888 1.4200000000000000e-03 1.1199999999999999e-03
100 9.4496409154524326 1.9800000000000000e-03 1.0000000000000000e-03
100 9.6154743966417833 7.5000000000000002e-04 4.0000000000000002e-04
100 9.5582521185636100 1.0800000000000000e-03 5.5000000000000003e-04
100 9.5502048674047284 1.1500000000000000e-03 4.8000000000000001e-04
100 9.5069487247785762 1.4000000000000000e-03 5.5000000000000003e-04
100 9.5847975428234786 8.8000000000000003e-04 8.9999999999999998e-04
100 9.6785381524995415 5.6999999999999998e-04 4.8000000000000001e-04
