100 9.9628797580107591 8.0000000000000007e-05 4.0000000000000003e-05
100 9.9603504453038507 8.0000000000000007e-05 3.0000000000000001e-05
100 9.9765517171656555 8.0000000000000007e-05 5.0000000000000002e-05
100 10.0660708773317413 4.0000000000000003e-05 3.0000000000000001e-05
100 9.9530235787430499 8.0000000000000007e-05 2.0000000000000002e-05
100 9.8485444863405682 2.5999999999999998e-04 5.0000000000000002e-05
100 10.0001394532432588 6.0000000000000002e-05 4.0000000000000003e-05
100 9.9276202464300685 1.0000000000000000e-04 4.0000000000000003e-05
100 9.7652302564276781 3.6999999999999999e-04 6.9999999999999994e-05
100 9.8951869527546403 1.4999999999999999e-04 4.0000000000000003e-05
100 9.8795993377440574 2.1000000000000001e-04 4.0000000000000003e-05
100 9.9329857314062959 1.0000000000000000e-04 4.0000000000000003e-05
100 9.8762279064342309 2.1000000000000001e-04 3.0000000000000001e-05
100 10.0298688528038369 5.0000000000000002e-05 1.0000000000000001e-05
100 9.8799085840508134 2.1000000000000001e-04 4.0000000000000003e-05
100 10.0215903105239370 5.0000000000000002e-05 2.0000000000000002e-05
100 9.9557916701019398 8.0000000000000007e-05 6.0000000000000002e-05
100 9.9388259466771860 1.0000000000000000e-04 4.0000000000000003e-05
100 9.8512305639564026 2.5999999999999998e-04 4.0000000000000003e-05
100 9.9091782404832092 1.2000000000000000e-04 3.0000000000000001e-05
100 9.8934451309436025 1.7000000000000001e-04 3.0000000000000001e-05
100 9.9026474743250610 1.2000000000000000e-04 3.0000000000000001e-05
100 9.9232202774882303 1.2000000000000000e-04 3.0000000000000001e-05
100 9.8459826756087185 2.7000000000000000e-04 4.0000000000000003e-05
100 9.9406967165973299 1.0000000000000000e-04 4.0000000000000003e-05
100 9.9288877717627919 1.0000000000000000e-04 4.0000000000000003e-05
100 9.8761335203581577 2.2000000000000001e-04 4.0000000000000003e-05
100 9.9050271921336659 1.3999999999999999e-04 5.0000000000000002e-05
100 10.0224904197334510 5.0000000000000002e-05 2.0000000000000002e-05
100 9.9575528634975132 8.0000000000000007e-05 4.0000000000000003e-05
100 9.9610154453916735 8.0000000000000007e-05 6.9999999999999994e-05
100 9.9729477646366700 8.0000000000000007e-05 3.0000000000000001e-05
100 9.8437375802176934 2.7000000000000000e-04 3.0000000000000001e-05
100 9.7949981510216677 3.4000000000000002e-04 6.0000000000000002e-05
100 9.9727837518838989 8.0000000000000007e-05 2.0000000000000002e-05
100 9.9051328013219777 1.2000000000000000e-04 3.0000000000000001e-05
100 9.8975554405424493 1.3999999999999999e-04 4.0000000000000003e-05
100 9.8528936744131634 2.5000000000000001e-04 5.0000000000000002e-05
100 9.9515843028770643 8.0000000000000007e-05 2.0000000000000002e-05
100 10.0394791473554115 5.0000000000000002e-05 4.0000000000000003e-05
