100 10.2134519960843289 0.0000000000000000e+00 1.0000000000000001e-05
100 10.2136273993971347 0.0000000000000000e+00 1.0000000000000001e-05
100 10.2427238363177135 0.0000000000000000e+00 0.0000000000000000e+00
100 10.3534163405116306 0.0000000000000000e+00 0.0000000000000000e+00
100 10.2194597414542940 0.0000000000000000e+00 0.0000000000000000e+00
100 10.0721250794520074 4.0000000000000003e-05 1.0000000000000001e-05
100 10.2664334906207895 0.0000000000000000e+00 0.0000000000000000e+00
100 10.1769855152496316 1.0000000000000001e-05 1.0000000000000001e-05
100 9.9694232132523268 8.0000000000000007e-05 2.0000000000000002e-05
100 10.1374707007159213 2.0000000000000002e-05 1.0000000000000001e-05
100 10.0986655669691032 3.0000000000000001e-05 1.0000000000000001e-05
100 10.1788407845469848 1.0000000000000001e-05 1.0000000000000001e-05
100 10.1186126269960575 2.0000000000000002e-05 2.0000000000000002e-05
100 10.3087169859744510 0.0000000000000000e+00 1.0000000000000001e-05
100 10.1081191106713888 3.0000000000000001e-05 2.0000000000000002e-05
100 10.2722721624056330 0.0000000000000000e+00 1.0000000000000001e-05
100 10.2213887035253119 0.0000000000000000e+00 1.0000000000000001e-05
100 10.1861112781589060 0.0000000000000000e+00 1.0000000000000001e-05
100 10.0694104149973782 4.0000000000000003e-05 1.0000000000000001e-05
100 10.1390159835076670 3.0000000000000001e-05 1.0000000000000001e-05
100 10.1497498517402303 2.0000000000000002e-05 1.0000000000000001e-05
100 10.1501363328350553 2.0000000000000002e-05 1.0000000000000001e-05
100 10.1709116933269001 1.0000000000000001e-05 1.0000000000000001e-05
100 10.0635060860048799 4.0000000000000003e-05 1.0000000000000001e-05
100 10.1881380505193846 0.0000000000000000e+00 1.0000000000000001e-05
100 10.1730817740328661 1.0000000000000001e-05 1.0000000000000001e-05
100 10.0933081458126654 3.0000000000000001e-05 1.0000000000000001e-05
100 10.1363224079882386 3.0000000000000001e-05 1.0000000000000001e-05
100 10.3039799186694676 0.0000000000000000e+00 0.0000000000000000e+00
100 10.2036378762729019 0.0000000000000000e+00 1.0000000000000001e-05
100 10.2065879722980739 0.0000000000000000e+00 1.0000000000000001e-05
100 10.2207036750587683 0.0000000000000000e+00 1.0000000000000001e-05
100 10.0475398663268702 5.0000000000000002e-05 4.0000000000000003e-05
100 10.0103762450221119 6.0000000000000002e-05 2.0000000000000002e-05
100 10.2472506946022595 0.0000000000000000e+00 1.0000000000000001e-05
100 10.1482077560053021 1.0000000000000001e-05 2.0000000000000002e-05
100 10.1293785959055267 2.0000000000000002e-05 2.0000000000000002e-05
100 10.0768934261688230 4.0000000000000003e-05 2.0000000000000002e-05
100 10.2061830326661998 0.0000000000000000e+00 1.0000000000000001e-05
100 10.3159315207673892 0.0000000000000000e+00 1.0000000000000001e-05
