1000 9.5113723751546910 1.3600000000000001e-03 8.1999999999999998e-04
1000 9.5154832665974016 1.3200000000000000e-03 8.3000000000000001e-04
1000 9.5028845547914695 1.4300000000000001e-03 7.1000000000000002e-04
1000 9.5280755746532613 1.2500000000000000e-03 5.6999999999999998e-04
1000 9.5114450041009082 1.3500000000000001e-03 6.9999999999999999e-04
1000 9.5059277112090736 1.4300000000000001e-03 7.9000000000000001e-04
1000 9.5171874763935200 1.3200000000000000e-03 7.3999999999999999e-04
1000 9.5133956890082239 1.3699999999999999e-03 6.4000000000000005e-04
1000 9.5229391802454657 1.2899999999999999e-03 5.9999999999999995e-04
1000 9.5197601470633515 1.3200000000000000e-03 8.3000000000000001e-04
1000 9.5121483265753550 1.3799999999999999e-03 5.9000000000000003e-04
1000 9.5237016465478384 1.2800000000000001e-03 5.5999999999999995e-04
1000 9.5291864033118969 1.2400000000000000e-03 9.3000000000000005e-04
1000 9.5102837401083313 1.3699999999999999e-03 7.2999999999999996e-04
1000 9.4857744249374782 1.5299999999999999e-03 7.6999999999999996e-04
1000 9.4934634137014147 1.4800000000000000e-03 6.8000000000000005e-04
1000 9.5104370491116406 1.3699999999999999e-03 6.7000000000000002e-04
1000 9.4857413765225242 1.5299999999999999e-03 7.2000000000000005e-04
1000 9.5088450490601009 1.3699999999999999e-03 8.9999999999999998e-04
1000 9.5139067749077721 1.3500000000000001e-03 6.7000000000000002e-04
1000 9.5183960808042674 1.3200000000000000e-03 7.9000000000000001e-04
1000 9.5168466781607659 1.3200000000000000e-03 8.3000000000000001e-04
1000 9.4930418239938650 1.5299999999999999e-03 5.2999999999999998e-04
1000 9.5028960965846565 1.4400000000000001e-03 6.2000000000000000e-04
1000 9.5162695352199744 1.3400000000000000e-03 5.6999999999999998e-04
1000 9.5061242104349901 1.4100000000000000e-03 9.1000000000000000e-04
1000 9.4973284405225229 1.4599999999999999e-03 6.6000000000000000e-04
1000 9.5390004019334054 1.2099999999999999e-03 6.6000000000000000e-04
1000 9.5051307650254824 1.4200000000000000e-03 6.7000000000000002e-04
1000 9.5159082553835326 1.3200000000000000e-03 6.2000000000000000e-04
1000 9.5368634046811103 1.2199999999999999e-03 6.3000000000000003e-04
1000 9.5391323223508540 1.2099999999999999e-03 6.9999999999999999e-04
1000 9.5297335126048708 1.2500000000000000e-03 5.9000000000000003e-04
1000 9.5056658452724037 1.4200000000000000e-03 5.9999999999999995e-04
1000 9.5201193375726536 1.3200000000000000e-03 8.3000000000000001e-04
1000 9.5116329754294302 1.3799999999999999e-03 1.4200000000000000e-03
1000 9.5419830481513355 1.1900000000000001e-03 6.4000000000000005e-04
1000 9.5011630561138194 1.4499999999999999e-03 7.9000000000000001e-04
1000 9.5337840699890180 1.2400000000000000e-03 5.9000000000000003e-04
1000 9.5259454378276338 1.2600000000000001e-03 1.3699999999999999e-03
