100 9.5589819117877362 1.0600000000000000e-03 5.8000000000000000e-04
100 9.5478304632651145 1.1000000000000001e-03 1.0100000000000000e-03
100 9.5648968998089448 1.0100000000000000e-03 8.0999999999999996e-04
100 9.6636842479311102 6.0999999999999997e-04 4.2999999999999999e-04
100 9.5450590270941014 1.1299999999999999e-03 1.4900000000000000e-03
100 9.4615887060710104 1.8699999999999999e-03 9.6000000000000002e-04
100 9.5880112507044757 8.8000000000000003e-04 1.5000000000000000e-03
100 9.5259798521590664 1.2500000000000000e-03 8.8000000000000003e-04
100 9.3902970106897961 2.6500000000000000e-03 1.2899999999999999e-03
100 9.4946210488181642 1.4700000000000000e-03 6.8000000000000005e-04
100 9.4919199313477254 1.4900000000000000e-03 6.8000000000000005e-04
100 9.5261891516691541 1.2600000000000001e-03 1.1500000000000000e-03
100 9.4909058640131665 1.5000000000000000e-03 1.4900000000000000e-03
100 9.6248511363659564 7.2000000000000005e-04 3.6000000000000002e-04
100 9.4927694112124019 1.4800000000000000e-03 6.6000000000000000e-04
100 9.6092158376298933 7.6000000000000004e-04 5.5999999999999995e-04
100 9.5484215704323443 1.1000000000000001e-03 9.3000000000000005e-04
100 9.5368527970787493 1.1900000000000001e-03 1.4800000000000000e-03
100 9.4636365736617929 1.8300000000000000e-03 1.2800000000000001e-03
100 9.5179252985846343 1.3200000000000000e-03 1.1000000000000001e-03
100 9.4896792390368532 1.5000000000000000e-03 7.6000000000000004e-04
100 9.5163653610238939 1.3200000000000000e-03 6.2000000000000000e-04
100 9.5361228677885048 1.2199999999999999e-03 7.6000000000000004e-04
100 9.4590766268039133 1.8699999999999999e-03 1.2800000000000001e-03
100 9.5298696001842167 1.2400000000000000e-03 1.0300000000000001e-03
100 9.5286192972797021 1.2400000000000000e-03 7.1000000000000002e-04
100 9.4898253928176697 1.5000000000000000e-03 7.2000000000000005e-04
100 9.5188335517504203 1.3200000000000000e-03 5.5999999999999995e-04
100 9.6179237204150709 7.5000000000000002e-04 2.3000000000000001e-04
100 9.5509959236492836 1.0900000000000000e-03 9.6000000000000002e-04
100 9.5656145495767291 1.0300000000000001e-03 5.5000000000000003e-04
100 9.5616317363326520 1.0200000000000001e-03 8.0000000000000004e-04
100 9.4664275096410595 1.7799999999999999e-03 1.3600000000000001e-03
100 9.4118849619383234 2.4099999999999998e-03 1.2099999999999999e-03
100 9.5763456093002919 9.6000000000000002e-04 3.2000000000000003e-04
100 9.5181932666177236 1.3200000000000000e-03 7.3999999999999999e-04
100 9.5109723636262107 1.3799999999999999e-03 5.0000000000000001e-04
100 9.4667203706769723 1.8300000000000000e-03 8.9999999999999998e-04
100 9.5429709620241798 1.1600000000000000e-03 1.0900000000000000e-03
100 9.6336383173260529 6.6000000000000000e-04 5.8000000000000000e-04
