20 9.4226947966652901 2.1700000000000001e-03 1.5900000000000001e-03
20 9.5393780495994687 1.2099999999999999e-03 8.0999999999999996e-04
20 9.4687813736593682 1.7799999999999999e-03 7.6000000000000004e-04
20 9.4550111202170282 1.9200000000000000e-03 1.1299999999999999e-03
20 9.6539967063512542 6.4000000000000005e-04 3.4000000000000002e-04
20 9.5855285016075911 8.9999999999999998e-04 5.1000000000000004e-04
20 9.5463560347364691 1.1199999999999999e-03 8.4999999999999995e-04
20 9.4093848116989545 2.5899999999999999e-03 5.9999999999999995e-04
20 9.5824683289152084 9.5000000000000000e-04 2.9000000000000000e-04
20 9.4833506291539837 1.5399999999999999e-03 1.0200000000000001e-03
20 9.3925164014112195 2.6400000000000000e-03 1.2199999999999999e-03
20 9.6368302101691139 6.8000000000000005e-04 2.9999999999999997e-04
20 9.5359058397379535 1.2300000000000000e-03 5.5999999999999995e-04
20 9.5814903359179358 9.3000000000000005e-04 4.2999999999999999e-04
20 9.6024243617730942 8.0999999999999996e-04 6.2000000000000000e-04
20 9.5339111142815991 1.2600000000000001e-03 3.8999999999999999e-04
20 9.2703814130757092 4.8599999999999997e-03 1.5100000000000001e-03
20 9.5671252641038720 1.1199999999999999e-03 1.2000000000000000e-04
20 9.9263692955781089 1.0000000000000000e-04 1.1000000000000000e-04
20 9.4023921149114447 2.5999999999999999e-03 7.7999999999999999e-04
20 9.5086779841936426 1.4000000000000000e-03 1.9900000000000000e-03
20 9.4801842169540134 1.5700000000000000e-03 1.8300000000000000e-03
20 9.4651997003439838 1.8200000000000000e-03 1.0800000000000000e-03
20 9.5204815848952364 1.3100000000000000e-03 6.9999999999999999e-04
20 9.6087038016557464 7.6000000000000004e-04 4.6000000000000001e-04
20 9.7532030354503263 3.8999999999999999e-04 1.8000000000000001e-04
20 9.5089727527790373 1.3799999999999999e-03 6.3000000000000003e-04
20 9.3484254485541829 3.3100000000000000e-03 8.3000000000000001e-04
20 9.6385605610925467 6.6000000000000000e-04 1.1199999999999999e-03
20 9.5497897399369087 1.1100000000000001e-03 1.9700000000000000e-03
20 9.5179683749407609 1.3200000000000000e-03 1.4599999999999999e-03
20 9.4636336935305323 1.9300000000000001e-03 5.4000000000000001e-04
20 9.8197448707573560 2.9999999999999997e-04 3.0000000000000001e-05
20 9.6680450428906699 6.2000000000000000e-04 1.8000000000000001e-04
20 9.5005113895816748 1.4499999999999999e-03 7.9000000000000001e-04
20 9.3731664318230710 2.8800000000000002e-03 1.2700000000000001e-03
20 9.4785449928748147 1.6299999999999999e-03 7.9000000000000001e-04
20 9.5064801757144473 1.4000000000000000e-03 1.2600000000000001e-03
20 9.3935521072492438 2.5899999999999999e-03 1.4900000000000000e-03
20 9.5994814385902938 8.1999999999999998e-04 6.4000000000000005e-04
50 9.5154456703995862 1.3300000000000000e-03 6.7000000000000002e-04
50 9.6653274004770520 6.2000000000000000e-04 2.7000000000000000e-04
50 9.5704943060389756 9.3999999999999997e-04 1.4300000000000001e-03
50 9.5723025542085107 9.3000000000000005e-04 1.3100000000000000e-03
50 9.7018621887768859 5.1999999999999995e-04 4.2999999999999999e-04
50 9.5563220411249770 1.0600000000000000e-03 1.0600000000000000e-03
50 9.4109574990436524 2.4099999999999998e-03 1.2700000000000001e-03
50 9.5919183618100359 8.4000000000000003e-04 5.4000000000000001e-04
50 9.5361148973460068 1.1999999999999999e-03 1.6100000000000001e-03
50 9.6490992670794107 6.6000000000000000e-04 2.0000000000000001e-04
50 9.5334683953414157 1.2800000000000001e-03 3.3000000000000000e-04
50 9.4824879190292872 1.6800000000000001e-03 4.8999999999999998e-04
50 9.4691799902340694 1.7600000000000001e-03 8.9999999999999998e-04
50 9.5511219110911565 1.1299999999999999e-03 5.5000000000000003e-04
50 9.4705455577852877 1.6900000000000001e-03 1.3699999999999999e-03
50 9.5796075947281238 8.9999999999999998e-04 9.2000000000000003e-04
50 9.5082056216464785 1.4000000000000000e-03 1.1600000000000000e-03
50 9.4622820084902184 1.8100000000000000e-03 1.4900000000000000e-03
50 9.5135991819150281 1.4000000000000000e-03 2.9000000000000000e-04
50 9.5427216689931242 1.1800000000000001e-03 9.3000000000000005e-04
50 9.4484704346352242 1.9400000000000001e-03 1.3100000000000000e-03
50 9.4962838477236762 1.4700000000000000e-03 7.6000000000000004e-04
50 9.6018691351029997 8.0000000000000004e-04 9.2000000000000003e-04
50 9.3900943760979754 2.8000000000000000e-03 6.4999999999999997e-04
50 9.4793530917320581 1.5600000000000000e-03 1.1199999999999999e-03
50 9.5304527341362881 1.2500000000000000e-03 5.6999999999999998e-04
50 9.4270376365043500 2.1700000000000001e-03 1.0900000000000000e-03
50 9.6783592270248704 5.6999999999999998e-04 2.1000000000000001e-04
50 9.6814174848328474 5.5999999999999995e-04 1.9000000000000001e-04
50 9.4995118374854091 1.4200000000000000e-03 1.4700000000000000e-03
50 9.4843258781997442 1.5200000000000001e-03 1.1600000000000000e-03
50 9.7245929711886969 4.8000000000000001e-04 1.1000000000000000e-04
50 9.4682531458140939 1.7799999999999999e-03 1.0300000000000001e-03
50 9.5682228196660439 9.7999999999999997e-04 5.5000000000000003e-04
50 9.4087107677640702 2.4900000000000000e-03 1.1299999999999999e-03
50 9.5929799977620824 8.4999999999999995e-04 6.9999999999999999e-04
50 9.4221299317074116 2.2300000000000002e-03 1.0600000000000000e-03
50 9.5223135617359205 1.2999999999999999e-03 6.6000000000000000e-04
50 9.4645129402099251 1.8500000000000001e-03 1.0100000000000000e-03
50 9.5090139915992467 1.3799999999999999e-03 5.5999999999999995e-04
100 9.5601227688893378 1.0499999999999999e-03 5.5000000000000003e-04
100 9.5572201381393107 1.1100000000000001e-03 3.8999999999999999e-04
100 9.5648964289710481 1.0100000000000000e-03 8.0999999999999996e-04
100 9.6636842402495446 6.0999999999999997e-04 4.2999999999999999e-04
100 9.5450590270941067 1.1299999999999999e-03 1.4900000000000000e-03
100 9.4615887033431250 1.8699999999999999e-03 9.6000000000000002e-04
100 9.5880112507062023 8.8000000000000003e-04 1.5000000000000000e-03
100 9.5259798523072643 1.2500000000000000e-03 8.8000000000000003e-04
100 9.3902970106375800 2.6500000000000000e-03 1.2899999999999999e-03
100 9.4946210488336167 1.4700000000000000e-03 6.8000000000000005e-04
100 9.4919199313485745 1.4900000000000000e-03 6.8000000000000005e-04
100 9.5261891516777020 1.2600000000000001e-03 1.1500000000000000e-03
100 9.4909067997561554 1.5000000000000000e-03 1.4900000000000000e-03
100 9.6262810037847331 7.2000000000000005e-04 3.8999999999999999e-04
100 9.4927691555594684 1.4800000000000000e-03 6.6000000000000000e-04
100 9.6092157943333127 7.6000000000000004e-04 5.5999999999999995e-04
100 9.5484215455893153 1.1000000000000001e-03 9.3000000000000005e-04
100 9.5368527970973300 1.1900000000000001e-03 1.4800000000000000e-03
100 9.4636365724733071 1.8300000000000000e-03 1.2800000000000001e-03
100 9.5179252938816674 1.3200000000000000e-03 1.1000000000000001e-03
100 9.4896792391782583 1.5000000000000000e-03 7.6000000000000004e-04
100 9.5163653464140356 1.3200000000000000e-03 6.2000000000000000e-04
100 9.5361228687391844 1.2199999999999999e-03 7.6000000000000004e-04
100 9.4590765241859120 1.8699999999999999e-03 1.2800000000000001e-03
100 9.5298695998071636 1.2400000000000000e-03 1.0300000000000001e-03
100 9.5286192972199881 1.2400000000000000e-03 7.1000000000000002e-04
100 9.4898253928176839 1.5000000000000000e-03 7.2000000000000005e-04
100 9.5188335448054122 1.3200000000000000e-03 5.5999999999999995e-04
100 9.6179237246190645 7.5000000000000002e-04 2.3000000000000001e-04
100 9.5509959125533879 1.0900000000000000e-03 9.6000000000000002e-04
100 9.5656145497608804 1.0300000000000001e-03 5.5000000000000003e-04
100 9.5616317363438892 1.0200000000000001e-03 8.0000000000000004e-04
100 9.4664275095001305 1.7799999999999999e-03 1.3600000000000001e-03
100 9.4118849619413627 2.4099999999999998e-03 1.2099999999999999e-03
100 9.5763456091383574 9.6000000000000002e-04 3.2000000000000003e-04
100 9.5181932665404592 1.3200000000000000e-03 7.3999999999999999e-04
100 9.5109738597531841 1.3799999999999999e-03 5.0000000000000001e-04
100 9.4686017760784402 1.8500000000000001e-03 5.2999999999999998e-04
100 9.5457381973440292 1.1500000000000000e-03 5.5999999999999995e-04
100 9.6330166994471345 6.9999999999999999e-04 3.3000000000000000e-04
200 9.5391954586015082 1.2099999999999999e-03 5.5999999999999995e-04
200 9.5442819190423105 1.1500000000000000e-03 9.5000000000000000e-04
200 9.4918353082934708 1.4900000000000000e-03 1.3600000000000001e-03
200 9.5047621874380397 1.4000000000000000e-03 1.1700000000000000e-03
200 9.5869693087481185 8.7000000000000001e-04 6.4999999999999997e-04
200 9.5281539276976250 1.2600000000000001e-03 1.4700000000000000e-03
200 9.5314210145031915 1.2400000000000000e-03 1.0900000000000000e-03
200 9.5465382320262844 1.1500000000000000e-03 5.5999999999999995e-04
200 9.5245538237395877 1.3400000000000000e-03 2.9000000000000000e-04
200 9.5071655429650761 1.4000000000000000e-03 5.9999999999999995e-04
200 9.5361611636036852 1.2199999999999999e-03 6.6000000000000000e-04
200 9.4769330422843652 1.5800000000000000e-03 1.2600000000000001e-03
200 9.4997870434239928 1.4400000000000001e-03 1.1400000000000000e-03
200 9.4933198963156915 1.4599999999999999e-03 1.6999999999999999e-03
200 9.5252955275104174 1.2700000000000001e-03 1.0700000000000000e-03
200 9.5521737113903153 1.1199999999999999e-03 5.4000000000000001e-04
200 9.4856328578383238 1.6000000000000001e-03 5.8000000000000000e-04
200 9.5289220955062071 1.2300000000000000e-03 6.9999999999999999e-04
200 9.5194989468024040 1.3100000000000000e-03 1.5000000000000000e-03
200 9.5766094613384336 9.2000000000000003e-04 7.3999999999999999e-04
200 9.5659814375355836 9.8999999999999999e-04 9.7999999999999997e-04
200 9.5291189622352235 1.2500000000000000e-03 6.6000000000000000e-04
200 9.5470584678202162 1.1199999999999999e-03 1.5499999999999999e-03
200 9.4974512172114327 1.4599999999999999e-03 7.9000000000000001e-04
200 9.4485715562991786 1.9400000000000001e-03 1.4400000000000001e-03
200 9.4687795303764055 1.7600000000000001e-03 1.1600000000000000e-03
200 9.4760170196465143 1.6100000000000001e-03 1.1600000000000000e-03
200 9.5536568074842876 1.0800000000000000e-03 5.9000000000000003e-04
200 9.5077872050492669 1.4100000000000000e-03 6.6000000000000000e-04
200 9.4630661040926469 1.8799999999999999e-03 7.2999999999999996e-04
200 9.5016921931966838 1.4400000000000001e-03 7.5000000000000002e-04
200 9.6370526280919027 6.4999999999999997e-04 4.4999999999999999e-04
200 9.4748858707746955 1.6199999999999999e-03 1.1299999999999999e-03
200 9.5350693597920770 1.2199999999999999e-03 7.2999999999999996e-04
200 9.5240472194521999 1.2700000000000001e-03 1.2099999999999999e-03
200 9.4637731562476084 1.8500000000000001e-03 8.9999999999999998e-04
200 9.4931232760585313 1.4800000000000000e-03 9.2000000000000003e-04
200 9.5096879028067072 1.3799999999999999e-03 1.1600000000000000e-03
200 9.5399546876576640 1.1900000000000001e-03 1.1299999999999999e-03
200 9.5136914179892873 1.3400000000000000e-03 1.3699999999999999e-03
500 9.5307304549398655 1.2400000000000000e-03 1.0100000000000000e-03
500 9.5184164218609517 1.3200000000000000e-03 5.9999999999999995e-04
500 9.5216688197580801 1.2999999999999999e-03 5.9000000000000003e-04
500 9.5007159030353474 1.4400000000000001e-03 9.1000000000000000e-04
500 9.5167443109153407 1.3200000000000000e-03 7.2999999999999996e-04
500 9.5428465147303072 1.1800000000000001e-03 5.9000000000000003e-04
500 9.4830155855304810 1.6000000000000001e-03 6.3000000000000003e-04
500 9.5394692689266734 1.1800000000000001e-03 1.1900000000000001e-03
500 9.4573604778978044 1.8799999999999999e-03 1.1700000000000000e-03
500 9.4889677071380714 1.5000000000000000e-03 1.1700000000000000e-03
500 9.4979355338410745 1.4400000000000001e-03 1.4300000000000001e-03
500 9.4967773255339232 1.4700000000000000e-03 8.5999999999999998e-04
500 9.5669249094966649 1.0000000000000000e-03 5.0000000000000001e-04
500 9.5362624429133866 1.2899999999999999e-03 2.5999999999999998e-04
500 9.5142006798630376 1.3500000000000001e-03 1.2199999999999999e-03
500 9.5198526641778152 1.2999999999999999e-03 1.2800000000000001e-03
500 9.4958530234421374 1.4800000000000000e-03 1.0000000000000000e-03
500 9.5167430759737570 1.3200000000000000e-03 8.3000000000000001e-04
500 9.5103213953190782 1.3799999999999999e-03 5.0000000000000001e-04
500 9.5414859145427009 1.1600000000000000e-03 1.4499999999999999e-03
500 9.5107429145667037 1.3799999999999999e-03 5.5000000000000003e-04
500 9.5088115651873650 1.3799999999999999e-03 5.5000000000000003e-04
500 9.5054583769043344 1.4100000000000000e-03 5.5000000000000003e-04
500 9.5342658176934290 1.2199999999999999e-03 6.8000000000000005e-04
500 9.4715859359146304 1.6900000000000001e-03 1.1299999999999999e-03
500 9.5212749888044126 1.2999999999999999e-03 7.6999999999999996e-04
500 9.4815123218332253 1.5499999999999999e-03 1.4400000000000001e-03
500 9.5222746362588033 1.2899999999999999e-03 5.9000000000000003e-04
500 9.4933858827826683 1.5100000000000001e-03 5.5999999999999995e-04
500 9.5051737132356067 1.4000000000000000e-03 1.4400000000000001e-03
500 9.4833541630526863 1.5800000000000000e-03 6.8999999999999997e-04
500 9.4960915679586488 1.4700000000000000e-03 5.9999999999999995e-04
500 9.4971012982574017 1.4599999999999999e-03 5.8000000000000000e-04
500 9.5058063792848468 1.4200000000000000e-03 8.9999999999999998e-04
500 9.5275656028277513 1.2500000000000000e-03 7.3999999999999999e-04
500 9.4835285795437212 1.5499999999999999e-03 8.9999999999999998e-04
500 9.5362910351453873 1.2199999999999999e-03 5.9000000000000003e-04
500 9.5095866387842545 1.3699999999999999e-03 8.4000000000000003e-04
500 9.4801168728667289 1.5600000000000000e-03 1.0200000000000001e-03
500 9.5156093548642033 1.3300000000000000e-03 6.4000000000000005e-04
1000 9.5113723668862686 1.3600000000000001e-03 8.1999999999999998e-04
1000 9.5154832666412705 1.3200000000000000e-03 8.3000000000000001e-04
1000 9.5028845546141518 1.4300000000000001e-03 7.1000000000000002e-04
1000 9.5280755740589722 1.2500000000000000e-03 5.6999999999999998e-04
1000 9.5114449350479759 1.3500000000000001e-03 6.9999999999999999e-04
1000 9.5059277088371754 1.4300000000000001e-03 7.9000000000000001e-04
1000 9.5171874782786503 1.3200000000000000e-03 7.3999999999999999e-04
1000 9.5133956955415044 1.3699999999999999e-03 6.4000000000000005e-04
1000 9.5229070617013623 1.2899999999999999e-03 5.9000000000000003e-04
1000 9.5197642370194426 1.3200000000000000e-03 8.3000000000000001e-04
1000 9.5121496658038556 1.3799999999999999e-03 5.9000000000000003e-04
1000 9.5236930351733360 1.2800000000000001e-03 5.5999999999999995e-04
1000 9.5308779610762997 1.2400000000000000e-03 1.2899999999999999e-03
1000 9.5113252662155077 1.3799999999999999e-03 1.4599999999999999e-03
1000 9.4831176414021208 1.5399999999999999e-03 1.2700000000000001e-03
1000 9.4945261555464597 1.4700000000000000e-03 1.1700000000000000e-03
1000 9.5104366459680083 1.3699999999999999e-03 6.7000000000000002e-04
1000 9.4857413766706991 1.5299999999999999e-03 7.2000000000000005e-04
1000 9.5088450490539920 1.3699999999999999e-03 8.9999999999999998e-04
1000 9.5139067749078574 1.3500000000000001e-03 6.7000000000000002e-04
1000 9.5184034099288546 1.3200000000000000e-03 7.9000000000000001e-04
1000 9.5168468788311582 1.3200000000000000e-03 8.3000000000000001e-04
1000 9.4930418235669940 1.5299999999999999e-03 5.2999999999999998e-04
1000 9.5028960961148474 1.4400000000000001e-03 6.2000000000000000e-04
1000 9.5162695351743114 1.3400000000000000e-03 5.6999999999999998e-04
1000 9.5061215111575841 1.4100000000000000e-03 9.1000000000000000e-04
1000 9.4973285225457236 1.4599999999999999e-03 6.6000000000000000e-04
1000 9.5390003981927372 1.2099999999999999e-03 6.6000000000000000e-04
1000 9.5051307635984390 1.4200000000000000e-03 6.7000000000000002e-04
1000 9.5159364327217730 1.3300000000000000e-03 6.4000000000000005e-04
1000 9.5368659528428417 1.2199999999999999e-03 6.3000000000000003e-04
1000 9.5391122186296613 1.2099999999999999e-03 6.9999999999999999e-04
1000 9.5297106872499864 1.2500000000000000e-03 5.9000000000000003e-04
1000 9.5056653674719804 1.4200000000000000e-03 5.9999999999999995e-04
1000 9.5201193568076103 1.3200000000000000e-03 8.3000000000000001e-04
1000 9.5116329754437672 1.3799999999999999e-03 1.4200000000000000e-03
1000 9.5419830470843454 1.1900000000000001e-03 6.4000000000000005e-04
1000 9.5011630561728300 1.4499999999999999e-03 7.9000000000000001e-04
1000 9.5337838149726810 1.2400000000000000e-03 5.9000000000000003e-04
1000 9.5259454377500283 1.2600000000000001e-03 1.3699999999999999e-03
2000 9.5123438458692906 1.3600000000000001e-03 1.1999999999999999e-03
2000 9.5194544927841989 1.3100000000000000e-03 1.1900000000000001e-03
2000 9.4976783853597055 1.4499999999999999e-03 1.4000000000000000e-03
2000 9.5129493073608238 1.3500000000000001e-03 1.2099999999999999e-03
2000 9.5193624934517587 1.2999999999999999e-03 1.2899999999999999e-03
2000 9.5134802092646176 1.3500000000000001e-03 1.3600000000000001e-03
2000 9.4992229529116479 1.4200000000000000e-03 1.3699999999999999e-03
2000 9.5049351150955061 1.4100000000000000e-03 1.4300000000000001e-03
2000 9.4931582339535350 1.4800000000000000e-03 1.3900000000000000e-03
2000 9.5091277099165925 1.3900000000000000e-03 1.2700000000000001e-03
2000 9.5129013939693028 1.3500000000000001e-03 1.2099999999999999e-03
2000 9.5061786018358241 1.4000000000000000e-03 1.1199999999999999e-03
2000 9.5159684491039869 1.3300000000000000e-03 1.4200000000000000e-03
2000 9.5296998249050588 1.2500000000000000e-03 5.9000000000000003e-04
2000 9.5076842805554804 1.3900000000000000e-03 8.9999999999999998e-04
2000 9.5123477932774492 1.3500000000000001e-03 8.3000000000000001e-04
2000 9.5062963153703564 1.4100000000000000e-03 9.2000000000000003e-04
2000 9.5055374499124294 1.4200000000000000e-03 6.8000000000000005e-04
2000 9.5054483969808068 1.4200000000000000e-03 6.8000000000000005e-04
2000 9.5152660807448566 1.3300000000000000e-03 6.7000000000000002e-04
2000 9.5061315359868477 1.4000000000000000e-03 5.1000000000000004e-04
2000 9.5129172517342244 1.3699999999999999e-03 4.8999999999999998e-04
2000 9.5220921122905420 1.3300000000000000e-03 4.4999999999999999e-04
2000 9.5169869557532039 1.3300000000000000e-03 1.1600000000000000e-03
2000 9.5067169778320579 1.4100000000000000e-03 8.9999999999999998e-04
2000 9.5389531968106525 1.2099999999999999e-03 6.6000000000000000e-04
2000 9.5101812195668671 1.3799999999999999e-03 5.8000000000000000e-04
2000 9.5201677374614491 1.3100000000000000e-03 6.4000000000000005e-04
2000 9.5220346347776470 1.2999999999999999e-03 6.9999999999999999e-04
2000 9.5238451655820970 1.2800000000000001e-03 6.6000000000000000e-04
2000 9.5151623238924348 1.3500000000000001e-03 1.2400000000000000e-03
2000 9.5297876330567188 1.2500000000000000e-03 1.2999999999999999e-03
2000 9.5043093886079308 1.4100000000000000e-03 1.2400000000000000e-03
2000 9.5330588584603220 1.2400000000000000e-03 5.5999999999999995e-04
2000 9.5039765466831110 1.4300000000000001e-03 6.6000000000000000e-04
2000 9.5040908429711628 1.4400000000000001e-03 5.9999999999999995e-04
2000 9.4928952211192836 1.4800000000000000e-03 8.8999999999999995e-04
2000 9.5125884708727657 1.3699999999999999e-03 6.2000000000000000e-04
2000 9.4969867609802368 1.4700000000000000e-03 1.1199999999999999e-03
2000 9.5207134816969674 1.3100000000000000e-03 7.9000000000000001e-04
