20 9.5086993444118644 1.3900000000000000e-03 6.6000000000000000e-04
20 9.6408882740816964 6.4999999999999997e-04 4.6000000000000001e-04
20 9.5465938401923633 1.1199999999999999e-03 8.4999999999999995e-04
20 9.5353057212279815 1.2199999999999999e-03 5.9000000000000003e-04
20 9.7475021399583763 4.0999999999999999e-04 2.5000000000000001e-04
20 9.6776167336579775 5.8000000000000000e-04 2.9000000000000000e-04
20 9.6407258610346993 6.4999999999999997e-04 3.6000000000000002e-04
20 9.4937164254828357 1.6000000000000001e-03 3.3000000000000000e-04
20 9.6865554440232469 5.5000000000000003e-04 1.9000000000000001e-04
20 9.5743771328206044 9.1000000000000000e-04 1.2500000000000000e-03
20 9.4707884286070776 1.7500000000000000e-03 6.9999999999999999e-04
20 9.7303411319108228 4.4000000000000002e-04 1.2999999999999999e-04
20 9.6303698816690666 6.9999999999999999e-04 3.1000000000000000e-04
20 9.6676377294313323 6.0999999999999997e-04 2.4000000000000001e-04
20 9.7108700445393676 5.1000000000000004e-04 3.3000000000000000e-04
20 9.6269640819740978 7.2000000000000005e-04 2.1000000000000001e-04
20 9.3378731384013030 3.3700000000000002e-03 1.1800000000000001e-03
20 9.6329738144706063 6.7000000000000002e-04 4.2999999999999999e-04
20 10.0504910316145484 5.0000000000000002e-05 4.0000000000000003e-05
20 9.4762674577746768 1.7500000000000000e-03 5.1000000000000004e-04
20 9.6050640960721463 7.9000000000000001e-04 6.4000000000000005e-04
20 9.5637093503639719 1.0000000000000000e-03 1.3400000000000000e-03
20 9.5573009531881876 1.0800000000000000e-03 6.4999999999999997e-04
20 9.6214096618111054 7.2999999999999996e-04 6.4999999999999997e-04
20 9.6993855805967577 5.4000000000000001e-04 5.4000000000000001e-04
20 9.8617931610705138 2.3000000000000001e-04 1.1000000000000000e-04
20 9.5910218473944955 8.4999999999999995e-04 8.5999999999999998e-04
20 9.4213703849869859 2.4700000000000000e-03 5.2999999999999998e-04
20 9.7429577082241288 4.2000000000000002e-04 2.3000000000000001e-04
20 9.6422275366292833 6.4999999999999997e-04 5.1999999999999995e-04
20 9.6133630425268919 7.7999999999999999e-04 1.3500000000000001e-03
20 9.5558175507928595 1.1199999999999999e-03 3.2000000000000003e-04
20 9.9337645740371556 1.0000000000000000e-04 6.0000000000000002e-05
20 9.7769946846849756 3.6000000000000002e-04 2.5000000000000001e-04
20 9.5909935353867422 8.4999999999999995e-04 5.2999999999999998e-04
20 9.4355908812941109 2.1099999999999999e-03 8.9999999999999998e-04
20 9.5628376259170871 1.0399999999999999e-03 5.1000000000000004e-04
20 9.5896605671760522 8.4999999999999995e-04 8.0999999999999996e-04
20 9.4605655645467142 1.8699999999999999e-03 1.0700000000000000e-03
20 9.6984459919647481 5.2999999999999998e-04 4.8000000000000001e-04
50 9.5736523707275012 9.3999999999999997e-04 5.5000000000000003e-04
50 9.7266285628200801 4.6000000000000001e-04 7.3999999999999999e-04
50 9.6308870182838859 6.7000000000000002e-04 1.1299999999999999e-03
50 9.6291059026207950 6.8999999999999997e-04 9.5000000000000000e-04
50 9.7682042008436252 3.8000000000000002e-04 2.5999999999999998e-04
50 9.6157550463280561 7.5000000000000002e-04 7.6000000000000004e-04
50 9.4616260247509789 1.8400000000000001e-03 1.1600000000000000e-03
50 9.6539778149290481 6.4000000000000005e-04 3.6000000000000002e-04
50 9.5937956547457972 8.4000000000000003e-04 6.8000000000000005e-04
50 9.7158811603319784 5.0000000000000001e-04 2.5999999999999998e-04
50 9.5847198064180539 8.8999999999999995e-04 1.0300000000000001e-03
50 9.5329300245320017 1.2500000000000000e-03 1.4499999999999999e-03
50 9.5258676997184608 1.2600000000000001e-03 1.1100000000000001e-03
50 9.6094855045027270 7.6000000000000004e-04 4.6000000000000001e-04
50 9.5269304751714028 1.2500000000000000e-03 6.0999999999999997e-04
50 9.6458278100624906 6.6000000000000000e-04 2.9000000000000000e-04
50 9.5662841491981325 9.8999999999999999e-04 9.2000000000000003e-04
50 9.5144446493149939 1.3500000000000001e-03 1.1299999999999999e-03
50 9.5708391685193934 1.0300000000000001e-03 1.9000000000000001e-04
50 9.6071577915680990 7.6999999999999996e-04 5.9000000000000003e-04
50 9.4995974264028877 1.4499999999999999e-03 1.1299999999999999e-03
50 9.5489338200423877 1.1000000000000001e-03 8.3000000000000001e-04
50 9.6671668671451716 5.9000000000000003e-04 3.3000000000000000e-04
50 9.4390511944431523 2.2799999999999999e-03 4.6000000000000001e-04
50 9.5375826281518314 1.1900000000000001e-03 1.4499999999999999e-03
50 9.5851264366845808 8.8000000000000003e-04 6.4000000000000005e-04
50 9.4821202050825324 1.5399999999999999e-03 1.2700000000000001e-03
50 9.7500235388145846 4.0999999999999999e-04 2.5000000000000001e-04
50 9.7497446807368906 4.0000000000000002e-04 1.8000000000000001e-04
50 9.5570592401228165 1.0399999999999999e-03 1.2600000000000001e-03
50 9.5364931355816847 1.2199999999999999e-03 8.7000000000000001e-04
50 9.7921742471107809 3.4000000000000002e-04 1.2000000000000000e-04
50 9.5167385535328037 1.3200000000000000e-03 7.3999999999999999e-04
50 9.6319181058472463 6.9999999999999999e-04 3.5000000000000000e-04
50 9.4607800639191240 1.9100000000000000e-03 8.0000000000000004e-04
50 9.6555476992037690 6.2000000000000000e-04 5.0000000000000001e-04
50 9.4720650341016484 1.7500000000000000e-03 7.2999999999999996e-04
50 9.5810361740443390 9.3999999999999997e-04 3.6000000000000002e-04
50 9.5190271960636412 1.3100000000000000e-03 6.4000000000000005e-04
50 9.5642815356299522 1.0200000000000001e-03 4.2000000000000002e-04
100 9.5988716213614378 8.1999999999999998e-04 5.8000000000000000e-04
100 9.5911307855095220 8.4999999999999995e-04 9.2000000000000003e-04
100 9.6087917881636002 7.6000000000000004e-04 5.6999999999999998e-04
100 9.7095710806679154 5.1000000000000004e-04 3.1000000000000000e-04
100 9.5876938145533241 8.8000000000000003e-04 1.3300000000000000e-03
100 9.4983938817146356 1.4599999999999999e-03 1.1299999999999999e-03
100 9.6308194646606164 6.7000000000000002e-04 1.3200000000000000e-03
100 9.5677361901448599 9.8999999999999999e-04 5.0000000000000001e-04
100 9.4267190474735365 2.1600000000000000e-03 1.1500000000000000e-03
100 9.5348679604127877 1.2300000000000000e-03 5.5999999999999995e-04
100 9.5302254911496220 1.2500000000000000e-03 5.6999999999999998e-04
100 9.5679862681721364 9.7999999999999997e-04 8.7000000000000001e-04
100 9.5308839209086180 1.2500000000000000e-03 1.4200000000000000e-03
100 9.6655419010920802 5.9999999999999995e-04 1.1900000000000001e-03
100 9.5321168642362526 1.2300000000000000e-03 8.5999999999999998e-04
100 9.6515487447829607 6.4000000000000005e-04 4.8999999999999998e-04
100 9.6103871434237327 8.0000000000000004e-04 1.7000000000000001e-04
100 9.5914485126091442 8.9999999999999998e-04 1.8000000000000001e-04
100 9.5012334804335392 1.4400000000000001e-03 1.0100000000000000e-03
100 9.5569125917235613 1.0700000000000000e-03 8.0000000000000004e-04
100 9.5326132112831612 1.2400000000000000e-03 5.9000000000000003e-04
100 9.5565494897357937 1.1000000000000001e-03 5.2999999999999998e-04
100 9.5762696570631736 9.2000000000000003e-04 5.5999999999999995e-04
100 9.4965973033517379 1.4800000000000000e-03 1.0300000000000001e-03
100 9.5720310730771523 9.3999999999999997e-04 7.6000000000000004e-04
100 9.5698441504677429 9.7999999999999997e-04 5.5000000000000003e-04
100 9.5279076503903664 1.2500000000000000e-03 5.6999999999999998e-04
100 9.5587173821921994 1.0900000000000000e-03 3.8000000000000002e-04
100 9.6642457367877395 6.3000000000000003e-04 1.6000000000000001e-04
100 9.5940057039581461 8.4000000000000003e-04 1.2099999999999999e-03
100 9.6065596553462811 7.6999999999999996e-04 4.4999999999999999e-04
100 9.6038390374720208 8.0999999999999996e-04 5.5999999999999995e-04
100 9.5024833479311379 1.4200000000000000e-03 1.1199999999999999e-03
100 9.4496409154528251 1.9800000000000000e-03 1.0000000000000000e-03
100 9.6157983020837534 7.5000000000000002e-04 4.6000000000000001e-04
100 9.5582542999954967 1.0800000000000000e-03 5.5000000000000003e-04
100 9.5502048640160044 1.1500000000000000e-03 4.8000000000000001e-04
100 9.5069487234024539 1.4000000000000000e-03 5.5000000000000003e-04
100 9.5847975428236580 8.8000000000000003e-04 8.9999999999999998e-04
100 9.6785381520099847 5.6999999999999998e-04 4.8000000000000001e-04
200 9.5644522945823276 1.0100000000000000e-03 8.0999999999999996e-04
200 9.5739473335494534 9.3999999999999997e-04 8.0000000000000004e-04
200 9.5190206250605343 1.2999999999999999e-03 1.1500000000000000e-03
200 9.5317059947483145 1.2400000000000000e-03 1.0800000000000000e-03
200 9.6187434125981888 7.3999999999999999e-04 5.5000000000000003e-04
200 9.5581976371943487 1.0300000000000001e-03 1.4000000000000000e-03
200 9.5610342824636003 1.0200000000000001e-03 8.9999999999999998e-04
200 9.5755636029595621 9.1000000000000000e-04 1.0800000000000000e-03
200 9.5424485515205451 1.1600000000000000e-03 1.1000000000000001e-03
200 9.5322767104925177 1.2400000000000000e-03 1.3699999999999999e-03
200 9.5653497296636640 1.0200000000000001e-03 5.5000000000000003e-04
200 9.5039681550209050 1.4000000000000000e-03 1.1400000000000000e-03
200 9.5264738067545931 1.2500000000000000e-03 1.0100000000000000e-03
200 9.5242913119047294 1.2999999999999999e-03 5.1999999999999995e-04
200 9.5536661965220606 1.0800000000000000e-03 9.2000000000000003e-04
200 9.5828130825296292 8.9999999999999998e-04 9.2000000000000003e-04
200 9.5098227435541176 1.3900000000000000e-03 1.2600000000000001e-03
200 9.5579198804348486 1.0800000000000000e-03 5.8000000000000000e-04
200 9.5474455066399706 1.1400000000000000e-03 6.4999999999999997e-04
200 9.6076437744438117 7.6000000000000004e-04 5.6999999999999998e-04
200 9.5961200708777188 8.4000000000000003e-04 8.0000000000000004e-04
200 9.5563652906754992 1.0600000000000000e-03 9.7999999999999997e-04
200 9.5734494895133668 9.3000000000000005e-04 7.3999999999999999e-04
200 9.5278338503714206 1.2600000000000001e-03 5.2999999999999998e-04
200 9.4741105122611788 1.6199999999999999e-03 1.2400000000000000e-03
200 9.4952520954410300 1.4800000000000000e-03 1.0100000000000000e-03
200 9.5025781281318284 1.4400000000000001e-03 9.8999999999999999e-04
200 9.5830076622403872 9.1000000000000000e-04 5.4000000000000001e-04
200 9.5369005318346751 1.2199999999999999e-03 5.5999999999999995e-04
200 9.4890530977568250 1.5100000000000001e-03 7.2000000000000005e-04
200 9.5294445631724063 1.2300000000000000e-03 7.6000000000000004e-04
200 9.6685287734003023 5.8000000000000000e-04 2.9000000000000000e-04
200 9.5039246702117950 1.4300000000000001e-03 7.2999999999999996e-04
200 9.5632211658944435 1.0200000000000001e-03 5.9000000000000003e-04
200 9.5541300874681294 1.0700000000000000e-03 1.2199999999999999e-03
200 9.4906614527660391 1.5000000000000000e-03 7.2000000000000005e-04
200 9.5213905820954263 1.2999999999999999e-03 7.5000000000000002e-04
200 9.5393132395757156 1.2099999999999999e-03 9.6000000000000002e-04
200 9.5680535376190896 9.7000000000000005e-04 9.2000000000000003e-04
200 9.5414257576361745 1.1600000000000000e-03 1.1999999999999999e-03
500 9.5495245487147802 1.1000000000000001e-03 8.9999999999999998e-04
500 9.5372631287913041 1.2199999999999999e-03 5.5999999999999995e-04
500 9.5401836974073557 1.1900000000000001e-03 5.5999999999999995e-04
500 9.5184483098776429 1.3200000000000000e-03 7.9000000000000001e-04
500 9.5350086560789471 1.2199999999999999e-03 6.4000000000000005e-04
500 9.5615303678843393 1.0399999999999999e-03 5.5000000000000003e-04
500 9.5006994364732478 1.4400000000000001e-03 5.8000000000000000e-04
500 9.5584707560420803 1.0300000000000001e-03 1.0600000000000000e-03
500 9.4738182009434926 1.6299999999999999e-03 1.1299999999999999e-03
500 9.5052254796157190 1.4000000000000000e-03 1.1299999999999999e-03
500 9.5154585227747628 1.3400000000000000e-03 1.2300000000000000e-03
500 9.5149589770005338 1.3300000000000000e-03 7.2000000000000005e-04
500 9.5858584562423204 9.1000000000000000e-04 4.4999999999999999e-04
500 9.5548394524401026 1.1700000000000000e-03 2.4000000000000001e-04
500 9.5332751621089304 1.2400000000000000e-03 5.5999999999999995e-04
500 9.5374136390449227 1.2199999999999999e-03 6.4999999999999997e-04
500 9.5135826748498662 1.3500000000000001e-03 8.8000000000000003e-04
500 9.5345453268394902 1.2199999999999999e-03 6.6000000000000000e-04
500 9.5278750872553690 1.2999999999999999e-03 4.2000000000000002e-04
500 9.5598050436268078 1.0100000000000000e-03 1.3300000000000000e-03
500 9.5265125550208225 1.2600000000000001e-03 1.1700000000000000e-03
500 9.5243512335526841 1.2700000000000001e-03 1.1900000000000001e-03
500 9.5205036240044532 1.2899999999999999e-03 1.3100000000000000e-03
500 9.5527221907508597 1.1199999999999999e-03 5.5000000000000003e-04
500 9.4882690712050017 1.5000000000000000e-03 1.0100000000000000e-03
500 9.5398256930489946 1.2099999999999999e-03 6.4999999999999997e-04
500 9.4986685224266658 1.4300000000000001e-03 1.2600000000000001e-03
500 9.5407437229658978 1.1900000000000001e-03 5.5999999999999995e-04
500 9.5110202384829616 1.3699999999999999e-03 5.2999999999999998e-04
500 9.5218536163531002 1.2899999999999999e-03 1.3500000000000001e-03
500 9.5017675620305475 1.4400000000000001e-03 5.5000000000000003e-04
500 9.5155817990309135 1.3500000000000001e-03 5.2999999999999998e-04
500 9.5159233703244670 1.3500000000000001e-03 5.2999999999999998e-04
500 9.5237086052295989 1.2800000000000001e-03 7.7999999999999999e-04
500 9.5456908012943416 1.1400000000000000e-03 6.4999999999999997e-04
500 9.5008128250063475 1.4499999999999999e-03 7.5000000000000002e-04
500 9.5542153713006694 1.1000000000000001e-03 5.5000000000000003e-04
500 9.5273410913283332 1.2500000000000000e-03 7.5000000000000002e-04
500 9.4978107284781235 1.4599999999999999e-03 8.9999999999999998e-04
500 9.5337281615074563 1.2400000000000000e-03 5.9000000000000003e-04
1000 9.5243654333328092 1.2800000000000001e-03 7.2000000000000005e-04
1000 9.5282564084298755 1.2400000000000000e-03 7.3999999999999999e-04
1000 9.5155096976050704 1.3300000000000000e-03 6.4000000000000005e-04
1000 9.5411599980376902 1.1900000000000001e-03 5.5999999999999995e-04
1000 9.5241956002104136 1.2800000000000001e-03 6.4000000000000005e-04
1000 9.5179391027953990 1.3200000000000000e-03 7.9000000000000001e-04
1000 9.5300670782071570 1.2300000000000000e-03 6.6000000000000000e-04
1000 9.5261155573132896 1.2600000000000001e-03 5.9000000000000003e-04
1000 9.5356147463117562 1.2199999999999999e-03 5.5999999999999995e-04
1000 9.5324922940709129 1.2300000000000000e-03 7.5000000000000002e-04
1000 9.5246184071211495 1.2800000000000001e-03 5.5999999999999995e-04
1000 9.5363915314580172 1.2300000000000000e-03 5.4000000000000001e-04
1000 9.5439907968933415 1.1400000000000000e-03 1.1999999999999999e-03
1000 9.5237157572730098 1.2800000000000001e-03 1.4499999999999999e-03
1000 9.4951950292959211 1.4700000000000000e-03 1.1999999999999999e-03
1000 9.5069829406924029 1.4000000000000000e-03 1.1299999999999999e-03
1000 9.5229834848168302 1.2899999999999999e-03 6.0999999999999997e-04
1000 9.4980346230789561 1.4599999999999999e-03 6.6000000000000000e-04
1000 9.5233925337345244 1.2700000000000001e-03 1.1999999999999999e-03
1000 9.5258975104923067 1.2600000000000001e-03 1.1999999999999999e-03
1000 9.5320635891231973 1.2400000000000000e-03 1.1600000000000000e-03
1000 9.5308577654796167 1.2400000000000000e-03 1.2899999999999999e-03
1000 9.5027188023573164 1.4100000000000000e-03 1.1600000000000000e-03
1000 9.5137879446681950 1.3500000000000001e-03 8.3000000000000001e-04
1000 9.5267860041110577 1.2500000000000000e-03 7.3999999999999999e-04
1000 9.5188202465336555 1.3200000000000000e-03 8.4000000000000003e-04
1000 9.5097993382520265 1.3799999999999999e-03 5.9999999999999995e-04
1000 9.5521358141299668 1.1100000000000001e-03 5.9000000000000003e-04
1000 9.5174001593291280 1.3200000000000000e-03 6.2000000000000000e-04
1000 9.5286411111226919 1.2500000000000000e-03 5.9000000000000003e-04
1000 9.5497978601393907 1.1299999999999999e-03 5.8000000000000000e-04
1000 9.5521374275505302 1.0900000000000000e-03 6.4999999999999997e-04
1000 9.5427123206953137 1.1800000000000001e-03 5.5999999999999995e-04
1000 9.5181044341320717 1.3200000000000000e-03 5.5999999999999995e-04
1000 9.5331263731978062 1.2300000000000000e-03 7.5000000000000002e-04
1000 9.5239369629587305 1.2700000000000001e-03 1.3400000000000000e-03
1000 9.5549599131350451 1.0800000000000000e-03 5.9000000000000003e-04
1000 9.5137982415978417 1.3500000000000001e-03 6.8999999999999997e-04
1000 9.5467925328530505 1.1500000000000000e-03 5.5999999999999995e-04
1000 9.5381842227543778 1.2099999999999999e-03 1.1000000000000001e-03
2000 9.5214140960527676 1.2800000000000001e-03 1.1500000000000000e-03
2000 9.5285280826367842 1.2400000000000000e-03 1.1500000000000000e-03
2000 9.5061440810732485 1.3900000000000000e-03 1.3400000000000000e-03
2000 9.5214705526165755 1.2800000000000001e-03 1.1900000000000001e-03
2000 9.5283029442762039 1.2500000000000000e-03 1.1900000000000001e-03
2000 9.5223451783179822 1.2800000000000001e-03 1.2899999999999999e-03
2000 9.5077460248021968 1.3900000000000000e-03 1.2999999999999999e-03
2000 9.5134490366560023 1.3500000000000001e-03 1.3600000000000001e-03
2000 9.5016630016786046 1.4200000000000000e-03 1.3200000000000000e-03
2000 9.5171737560089618 1.3200000000000000e-03 1.2300000000000000e-03
2000 9.5219937112103157 1.2800000000000001e-03 1.1600000000000000e-03
2000 9.5152764723773213 1.3400000000000000e-03 1.0100000000000000e-03
2000 9.5249485077050888 1.2600000000000001e-03 1.3500000000000001e-03
2000 9.5388964405510119 1.2199999999999999e-03 5.5999999999999995e-04
2000 9.5166729961763448 1.3200000000000000e-03 8.4000000000000003e-04
2000 9.5213074428492757 1.2999999999999999e-03 7.6000000000000004e-04
2000 9.5151761712866669 1.3200000000000000e-03 8.8000000000000003e-04
2000 9.5143973715926506 1.3400000000000000e-03 6.4000000000000005e-04
2000 9.5144669931675221 1.3400000000000000e-03 6.4000000000000005e-04
2000 9.5242129618710258 1.2700000000000001e-03 6.4000000000000005e-04
2000 9.5150643516891193 1.3500000000000001e-03 4.8999999999999998e-04
2000 9.5218399514020451 1.3400000000000000e-03 4.4999999999999999e-04
2000 9.5309919906081060 1.2800000000000001e-03 4.0000000000000002e-04
2000 9.5260019136455671 1.2600000000000001e-03 1.1100000000000001e-03
2000 9.5157023868206316 1.3200000000000000e-03 8.7000000000000001e-04
2000 9.5486168119175314 1.1299999999999999e-03 6.4999999999999997e-04
2000 9.5189768079215877 1.3200000000000000e-03 5.5999999999999995e-04
2000 9.5290495732092406 1.2500000000000000e-03 5.9000000000000003e-04
2000 9.5311740062710673 1.2300000000000000e-03 6.4999999999999997e-04
2000 9.5329676960777121 1.2300000000000000e-03 6.2000000000000000e-04
2000 9.5223627220679852 1.2800000000000001e-03 8.1999999999999998e-04
2000 9.5380060437553809 1.2199999999999999e-03 5.9000000000000003e-04
2000 9.5156348552222045 1.3500000000000001e-03 5.2999999999999998e-04
2000 9.5490178398561270 1.1700000000000000e-03 3.8999999999999999e-04
2000 9.5153569208118629 1.3500000000000001e-03 5.2999999999999998e-04
2000 9.5140585014271437 1.3600000000000001e-03 5.2999999999999998e-04
2000 9.5043958188737498 1.4200000000000000e-03 5.4000000000000001e-04
2000 9.5241875712805122 1.2999999999999999e-03 5.1999999999999995e-04
2000 9.5049917778666888 1.4200000000000000e-03 6.7000000000000002e-04
2000 9.5296829352413930 1.2300000000000000e-03 7.2000000000000005e-04
