20 10.1356966739989325 3.0000000000000001e-05 0.0000000000000000e+00
20 10.2283930669614929 0.0000000000000000e+00 1.0000000000000001e-05
20 10.1288325534189116 3.0000000000000001e-05 1.0000000000000001e-05
20 10.1277857077709026 3.0000000000000001e-05 0.0000000000000000e+00
20 10.5058207510666595 0.0000000000000000e+00 0.0000000000000000e+00
20 10.2580481111171267 0.0000000000000000e+00 0.0000000000000000e+00
20 10.2310302708998009 0.0000000000000000e+00 0.0000000000000000e+00
20 10.4598349650949132 0.0000000000000000e+00 0.0000000000000000e+00
20 10.5421579072362395 0.0000000000000000e+00 0.0000000000000000e+00
20 10.1484121405925904 1.0000000000000001e-05 1.0000000000000001e-05
20 10.2252983307955105 1.0000000000000001e-05 0.0000000000000000e+00
20 10.3459650993932879 0.0000000000000000e+00 0.0000000000000000e+00
20 10.3658507882009125 0.0000000000000000e+00 0.0000000000000000e+00
20 10.4209442733586428 0.0000000000000000e+00 0.0000000000000000e+00
20 10.3428406401178172 0.0000000000000000e+00 1.0000000000000001e-05
20 10.1934395179084500 0.0000000000000000e+00 1.0000000000000001e-05
20 9.9087488781412265 1.8000000000000001e-04 1.0000000000000001e-05
20 10.2194624428569316 0.0000000000000000e+00 1.0000000000000001e-05
20 10.8061694830125532 0.0000000000000000e+00 0.0000000000000000e+00
20 10.2829084301791820 1.0000000000000001e-05 0.0000000000000000e+00
20 10.1729542593697069 1.0000000000000001e-05 1.0000000000000001e-05
20 10.1465067122674579 3.0000000000000001e-05 1.0000000000000001e-05
20 10.1818729738160236 2.0000000000000002e-05 0.0000000000000000e+00
20 10.2805180687759137 0.0000000000000000e+00 0.0000000000000000e+00
20 10.2815577782932088 0.0000000000000000e+00 0.0000000000000000e+00
20 10.4754320910264855 0.0000000000000000e+00 0.0000000000000000e+00
20 10.1730154728831419 1.0000000000000001e-05 1.0000000000000001e-05
20 10.1569299575659766 3.0000000000000001e-05 0.0000000000000000e+00
20 10.3526003941939795 0.0000000000000000e+00 0.0000000000000000e+00
20 10.2197788209673366 0.0000000000000000e+00 1.0000000000000001e-05
20 10.1852911105122601 0.0000000000000000e+00 1.0000000000000001e-05
20 10.5232252116673504 0.0000000000000000e+00 0.0000000000000000e+00
20 10.6643604550189099 0.0000000000000000e+00 0.0000000000000000e+00
20 10.3776433370381813 0.0000000000000000e+00 0.0000000000000000e+00
20 10.2167998553043908 0.0000000000000000e+00 0.0000000000000000e+00
20 10.0221042016696060 6.0000000000000002e-05 1.0000000000000001e-05
20 10.1594011697543358 3.0000000000000001e-05 0.0000000000000000e+00
20 10.1750080402877252 1.0000000000000001e-05 0.0000000000000000e+00
20 10.1501716859004585 3.0000000000000001e-05 0.0000000000000000e+00
20 10.3734438267338192 0.0000000000000000e+00 0.0000000000000000e+00
50 10.1812799487497276 0.0000000000000000e+00 1.0000000000000001e-05
50 10.3518980414499886 0.0000000000000000e+00 0.0000000000000000e+00
50 10.2599628803683132 0.0000000000000000e+00 1.0000000000000001e-05
50 10.2571453602538529 0.0000000000000000e+00 0.0000000000000000e+00
50 10.4104939530750400 0.0000000000000000e+00 0.0000000000000000e+00
50 10.2859337321853133 0.0000000000000000e+00 0.0000000000000000e+00
50 10.0714740096580577 5.0000000000000002e-05 1.0000000000000001e-05
50 10.3881520963327105 0.0000000000000000e+00 0.0000000000000000e+00
50 10.2047634890656251 0.0000000000000000e+00 1.0000000000000001e-05
50 10.3527782895614546 0.0000000000000000e+00 0.0000000000000000e+00
50 10.1975563579128270 0.0000000000000000e+00 1.0000000000000001e-05
50 10.1425763267408247 3.0000000000000001e-05 1.0000000000000001e-05
50 10.1607363024221353 3.0000000000000001e-05 0.0000000000000000e+00
50 10.3020831661787238 0.0000000000000000e+00 0.0000000000000000e+00
50 10.1343656082180242 3.0000000000000001e-05 1.0000000000000001e-05
50 10.2537833068849000 0.0000000000000000e+00 1.0000000000000001e-05
50 10.2131482586315165 0.0000000000000000e+00 0.0000000000000000e+00
50 10.1270351509751748 3.0000000000000001e-05 1.0000000000000001e-05
50 10.6289273126478800 0.0000000000000000e+00 0.0000000000000000e+00
50 10.2233219441277168 0.0000000000000000e+00 1.0000000000000001e-05
50 10.1186920391052073 3.0000000000000001e-05 0.0000000000000000e+00
50 10.1598531056011545 1.0000000000000001e-05 1.0000000000000001e-05
50 10.3022558998210041 0.0000000000000000e+00 0.0000000000000000e+00
50 10.3303594254158000 0.0000000000000000e+00 0.0000000000000000e+00
50 10.1448381211384131 3.0000000000000001e-05 1.0000000000000001e-05
50 10.1962759307078947 0.0000000000000000e+00 1.0000000000000001e-05
50 10.0863940758030459 4.0000000000000003e-05 1.0000000000000001e-05
50 10.4097862538842758 0.0000000000000000e+00 0.0000000000000000e+00
50 10.4195454762178841 0.0000000000000000e+00 0.0000000000000000e+00
50 10.1642517101967140 1.0000000000000001e-05 1.0000000000000001e-05
50 10.1496738384829541 2.0000000000000002e-05 1.0000000000000001e-05
50 10.4428342760433157 0.0000000000000000e+00 0.0000000000000000e+00
50 10.1889229685293294 3.0000000000000001e-05 0.0000000000000000e+00
50 10.2914058662468779 0.0000000000000000e+00 0.0000000000000000e+00
50 10.1946684343588121 3.0000000000000001e-05 0.0000000000000000e+00
50 10.2735728082392832 0.0000000000000000e+00 1.0000000000000001e-05
50 10.2504045420387850 1.0000000000000001e-05 0.0000000000000000e+00
50 10.1904331244964883 0.0000000000000000e+00 1.0000000000000001e-05
50 10.1298749105321289 3.0000000000000001e-05 1.0000000000000001e-05
50 10.1727997764894305 1.0000000000000001e-05 1.0000000000000001e-05
100 9.9628814418176628 8.0000000000000007e-05 4.0000000000000003e-05
100 9.9603502711658276 8.0000000000000007e-05 3.0000000000000001e-05
100 9.9765516682854454 8.0000000000000007e-05 5.0000000000000002e-05
100 10.0660708772863412 4.0000000000000003e-05 3.0000000000000001e-05
100 9.9530235785715604 8.0000000000000007e-05 2.0000000000000002e-05
100 9.8485444885385753 2.5999999999999998e-04 5.0000000000000002e-05
100 10.0001402160137403 6.0000000000000002e-05 4.0000000000000003e-05
100 9.9276201985628383 1.0000000000000000e-04 4.0000000000000003e-05
100 9.7652342730757429 3.6999999999999999e-04 6.9999999999999994e-05
100 9.8951869527604099 1.4999999999999999e-04 4.0000000000000003e-05
100 9.8795993369774795 2.1000000000000001e-04 4.0000000000000003e-05
100 9.9329857327327122 1.0000000000000000e-04 4.0000000000000003e-05
100 9.8762325624723761 2.1000000000000001e-04 3.0000000000000001e-05
100 10.0298688528073168 5.0000000000000002e-05 1.0000000000000001e-05
100 9.8799070391115382 2.1000000000000001e-04 4.0000000000000003e-05
100 10.0215903187436854 5.0000000000000002e-05 2.0000000000000002e-05
100 9.9557916659468244 8.0000000000000007e-05 6.0000000000000002e-05
100 9.9388253724678179 1.0000000000000000e-04 4.0000000000000003e-05
100 9.8512309920025167 2.5999999999999998e-04 4.0000000000000003e-05
100 9.9091782234636483 1.2000000000000000e-04 3.0000000000000001e-05
100 9.8934451284646805 1.7000000000000001e-04 3.0000000000000001e-05
100 9.9026492898819392 1.2000000000000000e-04 3.0000000000000001e-05
100 9.9232156684656143 1.2000000000000000e-04 3.0000000000000001e-05
100 9.8459820810453778 2.7000000000000000e-04 4.0000000000000003e-05
100 9.9406979643155360 1.0000000000000000e-04 4.0000000000000003e-05
100 9.9288875375633516 1.0000000000000000e-04 4.0000000000000003e-05
100 9.8761341774072680 2.2000000000000001e-04 4.0000000000000003e-05
100 9.9050271977972475 1.3999999999999999e-04 5.0000000000000002e-05
100 10.0224904197390021 5.0000000000000002e-05 2.0000000000000002e-05
100 9.9575513373298357 8.0000000000000007e-05 4.0000000000000003e-05
100 9.9610198172045514 8.0000000000000007e-05 6.9999999999999994e-05
100 9.9729478598054211 8.0000000000000007e-05 3.0000000000000001e-05
100 9.8437351317394377 2.7000000000000000e-04 3.0000000000000001e-05
100 9.7949983387008750 3.4000000000000002e-04 6.0000000000000002e-05
100 9.9727837515205433 8.0000000000000007e-05 2.0000000000000002e-05
100 9.9051325383365594 1.2000000000000000e-04 3.0000000000000001e-05
100 9.8976488131767084 1.3999999999999999e-04 3.0000000000000001e-05
100 9.8528908294137416 2.5000000000000001e-04 5.0000000000000002e-05
100 9.9515842982978846 8.0000000000000007e-05 2.0000000000000002e-05
100 10.0394791473053306 5.0000000000000002e-05 4.0000000000000003e-05
200 9.7592142496513041 3.8000000000000002e-04 1.2000000000000000e-04
200 9.7670419530796408 3.6999999999999999e-04 6.9999999999999994e-05
200 9.6923687147628002 5.5000000000000003e-04 4.6999999999999999e-04
200 9.7121861744007330 5.0000000000000001e-04 4.4000000000000002e-04
200 9.8139156118392901 3.2000000000000003e-04 4.0000000000000002e-04
200 9.7524619393550100 3.8999999999999999e-04 1.8000000000000001e-04
200 9.7547447798562814 4.0000000000000002e-04 3.2000000000000003e-04
200 9.7603171024599717 4.0000000000000002e-04 4.6999999999999999e-04
200 9.7296369926970634 4.6000000000000001e-04 1.9000000000000001e-04
200 9.7087491541741979 5.0000000000000001e-04 5.1999999999999995e-04
200 9.7548937652104684 3.8999999999999999e-04 2.4000000000000001e-04
200 9.6773331400307647 5.6999999999999998e-04 4.8000000000000001e-04
200 9.7066436636350595 5.1000000000000004e-04 4.4000000000000002e-04
200 9.7008232395741292 5.1999999999999995e-04 7.1000000000000002e-04
200 9.7392918658899337 4.4000000000000002e-04 1.6000000000000001e-04
200 9.7720227220239000 3.8000000000000002e-04 2.5000000000000001e-04
200 9.6900547920367952 5.5000000000000003e-04 5.4000000000000001e-04
200 9.7485060268171839 4.2000000000000002e-04 5.2999999999999998e-04
200 9.7374849692158492 4.4000000000000002e-04 5.9999999999999995e-04
200 9.8030254973802400 3.3000000000000000e-04 4.6000000000000001e-04
200 9.7920332840195972 3.4000000000000002e-04 1.2000000000000000e-04
200 9.7440544141604022 4.0999999999999999e-04 1.1000000000000000e-04
200 9.7678552824201628 3.6999999999999999e-04 6.9999999999999994e-05
200 9.7104667123775936 5.1999999999999995e-04 2.0000000000000001e-04
200 9.6443046884716637 6.4999999999999997e-04 3.6000000000000002e-04
200 9.6652980062275731 5.9000000000000003e-04 3.3000000000000000e-04
200 9.6732644825259708 5.8000000000000000e-04 2.9000000000000000e-04
200 9.7744370015017150 3.6000000000000002e-04 3.0000000000000001e-05
200 9.7258860495525177 4.6999999999999999e-04 3.2000000000000003e-04
200 9.6660094666352609 6.0999999999999997e-04 4.4000000000000002e-04
200 9.7147744448574986 5.1000000000000004e-04 1.9000000000000001e-04
200 9.8661588246180205 2.4000000000000001e-04 2.4000000000000001e-04
200 9.6880629005304257 5.2999999999999998e-04 2.5999999999999998e-04
200 9.7497871752923331 4.0000000000000002e-04 9.0000000000000006e-05
200 9.7475347786972488 4.2000000000000002e-04 4.2000000000000002e-04
200 9.6612856722600409 6.0999999999999997e-04 4.2999999999999999e-04
200 9.7068846970185287 5.1999999999999995e-04 1.9000000000000001e-04
200 9.7324349166449711 4.4000000000000002e-04 1.1000000000000000e-04
200 9.7559580017735161 3.8000000000000002e-04 9.0000000000000006e-05
200 9.7266058420666628 4.6999999999999999e-04 1.8000000000000001e-04
500 9.6319753723736348 6.6000000000000000e-04 7.6999999999999996e-04
500 9.6166513841052570 7.2999999999999996e-04 8.4999999999999995e-04
500 9.6185676515372620 7.2999999999999996e-04 8.8999999999999995e-04
500 9.5930620299440008 8.4999999999999995e-04 3.1000000000000000e-04
500 9.6142739557772252 7.5000000000000002e-04 5.8000000000000000e-04
500 9.6370954704923584 6.4999999999999997e-04 9.2000000000000003e-04
500 9.5772174757011648 9.2000000000000003e-04 6.4000000000000005e-04
500 9.6443107974331976 6.4999999999999997e-04 7.9000000000000001e-04
500 9.5500193913278295 1.1299999999999999e-03 6.4999999999999997e-04
500 9.5802227187348095 9.1000000000000000e-04 5.5000000000000003e-04
500 9.5930349575468288 8.4000000000000003e-04 5.5000000000000003e-04
500 9.5925787477441880 8.4000000000000003e-04 4.8999999999999998e-04
500 9.6613158717799958 5.9999999999999995e-04 8.0999999999999996e-04
500 9.6209613102539926 7.2000000000000005e-04 8.0999999999999996e-04
500 9.6107366377445391 7.5000000000000002e-04 5.4000000000000001e-04
500 9.6130891670494982 7.5000000000000002e-04 5.1999999999999995e-04
500 9.5902792679390352 8.5999999999999998e-04 5.5999999999999995e-04
500 9.6101616264773462 7.6000000000000004e-04 4.4999999999999999e-04
500 9.6013121978389169 8.0000000000000004e-04 5.1999999999999995e-04
500 9.6418628445675640 6.4999999999999997e-04 4.2999999999999999e-04
500 9.6028230019045182 7.9000000000000001e-04 2.9999999999999997e-04
500 9.6006818013720796 8.3000000000000001e-04 2.7999999999999998e-04
500 9.5981399174880746 8.1999999999999998e-04 5.5000000000000003e-04
500 9.6330889149714221 6.7000000000000002e-04 3.8999999999999999e-04
500 9.5628976133579862 1.0399999999999999e-03 5.5000000000000003e-04
500 9.6244459755670988 7.2000000000000005e-04 1.8000000000000001e-04
500 9.5794232921331002 9.6000000000000002e-04 2.9000000000000000e-04
500 9.6248777450884848 7.2000000000000005e-04 2.1000000000000001e-04
500 9.5840336582411272 9.3000000000000005e-04 3.4000000000000002e-04
500 9.5994863056733131 8.3000000000000001e-04 2.7999999999999998e-04
500 9.5750325381688626 9.6000000000000002e-04 3.6999999999999999e-04
500 9.5882217350358392 8.7000000000000001e-04 3.2000000000000003e-04
500 9.5887375195313709 8.7000000000000001e-04 3.1000000000000000e-04
500 9.5988430340055242 8.1999999999999998e-04 5.5000000000000003e-04
500 9.6209960197662774 7.2999999999999996e-04 3.6999999999999999e-04
500 9.5780343761248865 9.6000000000000002e-04 2.9999999999999997e-04
500 9.6311579726391621 6.8000000000000005e-04 5.1999999999999995e-04
500 9.6020342186649916 8.0999999999999996e-04 2.9999999999999997e-04
500 9.5724887569210875 9.7000000000000005e-04 3.6999999999999999e-04
500 9.6099729069108317 7.6000000000000004e-04 5.4000000000000001e-04
1000 9.5769705276745185 9.1000000000000000e-04 8.8000000000000003e-04
1000 9.5772056358541882 9.1000000000000000e-04 8.1999999999999998e-04
1000 9.5652997791410677 1.0000000000000000e-03 8.9999999999999998e-04
1000 9.5912000315695813 8.4999999999999995e-04 9.2000000000000003e-04
1000 9.5709504707386550 9.3999999999999997e-04 1.0399999999999999e-03
1000 9.5649323888259588 9.8999999999999999e-04 1.1100000000000001e-03
1000 9.5792550927565010 8.9999999999999998e-04 8.0999999999999996e-04
1000 9.5732051214108740 9.3999999999999997e-04 6.0999999999999997e-04
1000 9.5814356121677218 8.9999999999999998e-04 9.3000000000000005e-04
1000 9.5802826593575183 8.9999999999999998e-04 9.2000000000000003e-04
1000 9.5692238564141388 9.5000000000000000e-04 9.7999999999999997e-04
1000 9.5819744479644182 8.9999999999999998e-04 9.2000000000000003e-04
1000 9.5926544530328961 8.4999999999999995e-04 9.1000000000000000e-04
1000 9.5696673194936164 9.3999999999999997e-04 1.1100000000000001e-03
1000 9.5399533914934871 1.1999999999999999e-03 9.3000000000000005e-04
1000 9.5532428471247073 1.0900000000000000e-03 6.8000000000000005e-04
1000 9.5715633934328075 9.6000000000000002e-04 5.5000000000000003e-04
1000 9.5383546575324551 1.2099999999999999e-03 1.0600000000000000e-03
1000 9.5707348706555742 9.3999999999999997e-04 9.2000000000000003e-04
1000 9.5746011358291430 9.3000000000000005e-04 8.1999999999999998e-04
1000 9.5789670634175206 9.1000000000000000e-04 5.5999999999999995e-04
1000 9.5783809264853961 9.1000000000000000e-04 5.8000000000000000e-04
1000 9.5470023731912708 1.1000000000000001e-03 1.0399999999999999e-03
1000 9.5624342322522313 1.0100000000000000e-03 9.2000000000000003e-04
1000 9.5726001955174009 9.2000000000000003e-04 1.1100000000000001e-03
1000 9.5676415038438147 9.7999999999999997e-04 8.4999999999999995e-04
1000 9.5559917057824411 1.0600000000000000e-03 1.0900000000000000e-03
1000 9.6009934685732272 8.0999999999999996e-04 9.1000000000000000e-04
1000 9.5558743748198633 1.0600000000000000e-03 9.7000000000000005e-04
1000 9.5737776027386143 9.2000000000000003e-04 1.0600000000000000e-03
1000 9.5977052412776640 8.3000000000000001e-04 9.1000000000000000e-04
1000 9.6012497271288009 8.1999999999999998e-04 1.1400000000000000e-03
1000 9.5923533956806288 8.4999999999999995e-04 1.0000000000000000e-03
1000 9.5627670866436478 1.0100000000000000e-03 9.7999999999999997e-04
1000 9.5829682529085520 8.9999999999999998e-04 9.3000000000000005e-04
1000 9.5712639608565908 9.3000000000000005e-04 1.0499999999999999e-03
1000 9.6025289979603716 8.0000000000000004e-04 1.1100000000000001e-03
1000 9.5624904340189580 1.0100000000000000e-03 1.0100000000000000e-03
1000 9.5962861569419431 8.4000000000000003e-04 1.0100000000000000e-03
1000 9.5842431371251404 8.8999999999999995e-04 1.0000000000000000e-03
2000 9.5585337382886362 1.0300000000000001e-03 8.5999999999999998e-04
2000 9.5653585237319252 1.0000000000000000e-03 8.0000000000000004e-04
2000 9.5380077527109339 1.2099999999999999e-03 1.1199999999999999e-03
2000 9.5533305504725181 1.0800000000000000e-03 9.3999999999999997e-04
2000 9.5610425574984674 1.0200000000000001e-03 9.3000000000000005e-04
2000 9.5538692725432046 1.0800000000000000e-03 9.3000000000000005e-04
2000 9.5394122470454139 1.1900000000000001e-03 1.1100000000000001e-03
2000 9.5485710244091582 1.1000000000000001e-03 9.2000000000000003e-04
2000 9.5338392402160892 1.2300000000000000e-03 1.1100000000000001e-03
2000 9.5503901076983251 1.0900000000000000e-03 9.3000000000000005e-04
2000 9.5588541780884526 1.0300000000000001e-03 8.5999999999999998e-04
2000 9.5568304052442024 1.0800000000000000e-03 6.4000000000000005e-04
2000 9.5608793257184814 1.0100000000000000e-03 1.1400000000000000e-03
2000 9.5776488432864451 9.1000000000000000e-04 9.7999999999999997e-04
2000 9.5527713161496042 1.0700000000000000e-03 1.1199999999999999e-03
2000 9.5566892461999355 1.0700000000000000e-03 8.8000000000000003e-04
2000 9.5470487004384044 1.1000000000000001e-03 1.0499999999999999e-03
2000 9.5461536934418927 1.1299999999999999e-03 1.1299999999999999e-03
2000 9.5497169997731159 1.1000000000000001e-03 9.3000000000000005e-04
2000 9.5589949226208653 1.0300000000000001e-03 8.9999999999999998e-04
2000 9.5450307810536330 1.1400000000000000e-03 9.7999999999999997e-04
2000 9.5501469652724413 1.0900000000000000e-03 9.7999999999999997e-04
2000 9.5588601687019032 1.0200000000000001e-03 9.3000000000000005e-04
2000 9.5607353642777202 1.0200000000000001e-03 8.9999999999999998e-04
2000 9.5517613328953814 1.0700000000000000e-03 1.1000000000000001e-03
2000 9.5868317752961509 8.5999999999999998e-04 8.8000000000000003e-04
2000 9.5524193156346566 1.0900000000000000e-03 8.0000000000000004e-04
2000 9.5608632403186498 1.0100000000000000e-03 1.0200000000000001e-03
2000 9.5691865120196908 9.3999999999999997e-04 1.0600000000000000e-03
2000 9.5707404166090502 9.3999999999999997e-04 1.0499999999999999e-03
2000 9.5580211253701552 1.0499999999999999e-03 8.5999999999999998e-04
2000 9.5744885543397480 9.3000000000000005e-04 7.5000000000000002e-04
2000 9.5459968236693129 1.1100000000000001e-03 9.5000000000000000e-04
2000 9.5809549676220822 8.9999999999999998e-04 9.2000000000000003e-04
2000 9.5439851714380399 1.1400000000000000e-03 1.0900000000000000e-03
2000 9.5431622602814716 1.1600000000000000e-03 1.0499999999999999e-03
2000 9.5357905217549455 1.2199999999999999e-03 1.0700000000000000e-03
2000 9.5527707308364285 1.0700000000000000e-03 1.0100000000000000e-03
2000 9.5398327689147937 1.1900000000000001e-03 9.7000000000000005e-04
2000 9.5651770366595343 1.0100000000000000e-03 8.0999999999999996e-04
